"V1","V2","V3","V4","V5","V6","V7","V8","V9","V10","V11","V12","V13","V14","V15"
"1",1.67348676678581,2.11565943423675,2.3998700196863,2.55837421806548,2.58759930840687,2.50939020490041,2.38912143405729,2.26293269934908,2.14259461724373,2.02992497995792,1.92735857622951,1.84550285928624,0,0,0
"2",1.53360771877001,1.92080117115793,2.16533959907701,2.33305442751528,2.39944991606283,2.37119942980211,2.29173225035046,2.19302857223503,2.09327160505324,1.99091212922943,1.89337635743885,1.80264841305774,1.73289640702485,0,0
"3",1.72775759841212,2.00433752930393,2.18604662153399,2.34778441692383,2.41755600220755,2.38667256995566,2.30188738023528,2.19857177731019,2.09129743339099,1.99252883950092,1.90157311638777,1.81861191525926,1.74255772115956,1.68306893721214,0
"4",1.50389136610246,1.79048331563257,2.00968761105457,2.18389091434132,2.27873466394215,2.2706541077107,2.20357573821554,2.11405344649115,2.01606896182388,1.9206512347816,1.8385972161457,1.76294478921357,1.69742721965567,0,0
"5",1.39480598953532,1.56938760006558,1.7144355000372,1.85170621267523,1.96586669094089,2.02154137740815,2.01567715392657,1.97081084985873,1.90901221061953,1.84507200514816,1.78143811137523,1.72583138945364,1.66859819387178,1.61846598130639,0
"6",2.15215101558446,2.74967149732314,3.07330443118375,3.13481403316197,3.01493695091207,2.8281308080125,2.63340688507076,2.45117958526946,2.29832011789549,2.16744202152612,0,0,0,0,0
"7",1.79016191070981,2.23673576994381,2.57705916312624,2.72842976886883,2.70587879832875,2.59344656335768,2.45169879702073,2.30909645362272,2.17806465563054,2.05364505949317,1.93411192512373,1.83841923924104,1.76017423426348,1.695060806389,1.64006553397644
"8",1.29363316546299,1.48461881432032,1.64450314435039,1.81327218638717,1.93989626248334,1.99711118340525,1.98517073912786,1.94012969132367,1.8828896556095,1.81653187235902,1.7458184137358,0,0,0,0
"9",1.80436728744931,2.13230283540022,2.37329431919163,2.52868171152882,2.56434237137758,2.50044649785801,2.38946845466501,2.26853679584024,2.14778389848949,2.0234888581939,1.92578007187543,1.83110760393033,1.75367289676065,1.69535483078554,0
"10",1.6101828400782,1.91798916375321,2.17308983916902,2.35201320443965,2.41773530452285,2.37980172728866,2.29132608135007,2.18020970062601,2.07197244844298,1.96997468767016,1.87233518460818,1.78414856117758,1.71637660365029,0,0
"11",1.74429468047285,2.15853050697615,2.43041437813142,2.58439060850242,2.60618345425223,2.53002113495061,2.4075163967518,2.27959692684331,2.16086680941301,2.05208197168971,1.94374737267009,1.84687182653189,1.76768777908949,0,0
"12",1.29363316546299,1.50003580030848,1.70032302693595,1.86335381102669,1.98443097342725,2.03616014305011,2.02108749155571,1.96674638181402,1.89979329335731,1.82057367498751,1.74937884295269,1.67571630425275,1.62355884563173,1.57194313683262,1.5281272839678
"13",1.29363316546299,1.35591830285303,1.37534558302849,1.46342192347019,1.57341455812015,1.66469758441051,1.71773172348292,1.72569424962578,1.70794446995415,1.67517316092937,1.63461924875308,1.59328248372064,1.55164568672752,1.50686052056693,0
"14",1.34836886301424,1.39390092296477,1.56152544558092,1.69697363617878,1.81869503699935,1.89233445668255,1.90733714993605,1.88083161772048,1.83361641765346,1.77945899405643,1.72766365537554,1.66452507284877,1.61596946317367,1.57077096110565,0
"15",1.13737995650662,1.33765974526633,1.58808741512682,1.78621809151934,1.92380433384577,1.97425928361113,1.95689049304728,1.90879790652092,1.84762139037592,1.78304798561285,1.72030337900945,1.65797819218845,0,0,0
"16",1.67348676678581,2.1915771566975,2.53248283077408,2.69258610728837,2.67887280660685,2.56611391142584,2.42122497232568,2.27603029119296,2.13665912396903,2.01120132609171,1.9132573135003,1.82892435325228,1.76244930148869,0,0
"17",1.58642437571285,1.78548919702846,1.99706119484639,2.15455396207254,2.24782520615601,2.25447664463861,2.19808944580274,2.11664299041436,2.02691275809988,1.93186779004617,1.84396107493987,1.77166539523695,1.70522260947705,1.6531671382856,1.60203487481121
"18",1.56099495215894,1.86747809058098,2.16113713010173,2.36033658970674,2.41724302837321,2.37196742457035,2.27538951978889,2.16572707630138,2.05788003651282,1.95463934810274,1.87231229359351,1.7841284262275,1.71185550885135,0,0
"19",1.29363316546299,1.44709479844958,1.64185258421926,1.82086579204146,1.94595985173058,2.00220828989778,1.98901007702289,1.94023915029752,1.87656833291909,1.80664636755547,1.7357266376952,1.67545235964626,1.61481453160903,0,0
"20",1.22633248595251,1.2131627743974,1.1559506851218,1.25301281785455,1.32064769944201,1.39877373466443,1.47089587258883,1.51921678988252,1.53685994142579,1.53207047746653,1.51470735089801,1.49107440016706,1.46283956196897,1.43275303679499,1.40746916875406
"21",1.77544437079358,2.26580975738011,2.6074981332976,2.74812904548645,2.72660435592482,2.60940721326703,2.46346883627295,2.31089088291961,2.16943372173846,2.04202304765081,1.93096848329839,1.83566099044295,1.76234564207016,0,0
"22",1.22633248595251,1.37352013131702,1.60725572751398,1.81180319007214,1.94607384377694,1.99281378900682,1.97335782677644,1.92126374170701,1.85791403389779,1.7932351956153,1.7337098970688,1.67613248381543,1.62393326624754,1.57588374791291,1.53171835135892
"23",1.43531353035095,1.64826777994532,1.77305459088121,1.89527315813055,1.99207520005353,2.04605956887923,2.04071134418482,1.99840890410228,1.93664185697458,1.86780084888302,1.80065847914927,1.73770982879285,1.67045978531942,0,0
"24",1.13737995650662,1.35478826014531,1.55863527233512,1.74147948749804,1.87695279692096,1.93952096022749,1.9355947057554,1.89630683445196,1.83709527580403,1.77632300871829,1.71351210297586,1.65193551939722,1.60555486821528,1.55566760558432,0
"25",1.39480598953532,1.85713143068867,2.16489597200494,2.36190380736224,2.41740530854623,2.37204270486513,2.27300592450049,2.16638726757038,2.05973801077293,1.94793660441891,1.85312588981617,1.77580015197448,1.70891772899228,0,0
"26",1.47135243346982,1.65652404450447,1.83297585874936,1.98273063345788,2.09316057058294,2.12871256627705,2.09842517497448,2.0360032635088,1.95919624658612,1.88226748290075,1.80364416344987,1.73417677623628,1.67426269123478,1.61771505181059,1.57296541645971
"27",1.34836886301424,1.41503603799277,1.55435070625711,1.7032525191525,1.83660893035734,1.90961695068394,1.91322560030343,1.87884863955092,1.82706523931832,1.76899367068068,1.71117391996677,1.65356337358609,1.59941176119104,0,0
"28",1.80436728744931,2.19578948507429,2.48838475315504,2.64265085455889,2.65135481090056,2.55856755066252,2.42762155004063,2.29469647569171,2.16737027607517,2.05125273435592,1.93204650240906,1.84221125824696,0,0,0
"29",1.43531353035095,1.64223130958864,1.80966697474884,1.97182590268425,2.08299090569475,2.11727709622707,2.089350086665,2.02897689293488,1.95807469815708,1.88090922416968,1.8047893914681,1.73689596998239,0,0,0
"30",1.47135243346982,1.78958957632225,2.01544815328005,2.1826926179349,2.27570081993152,2.270528735095,2.20753543987837,2.11966286622451,2.03150282093085,1.9480588572111,1.86477869251166,1.7927698109317,1.73007445130721,1.67181294390562,0
"31",1.47135243346982,1.80077778797951,2.05863777306979,2.24966155400044,2.32988692575343,2.30534402735191,2.2285331471759,2.13415982967656,2.03867449084238,1.94205620541259,1.85850039670895,1.78055369343648,0,0,0
"32",1.53360771877001,1.94486243893736,2.26898191591098,2.46190389983486,2.49596769429156,2.42766920393807,2.31808625892084,2.19817618636515,2.08085082030754,1.97854709536396,1.86917885546514,1.78999523907676,0,0,0
"33",1.43531353035095,1.60765201525928,1.7910151321208,1.94839016885278,2.06279556692909,2.10083299763572,2.07725492326688,2.01602816561686,1.94463859496816,1.87276035671312,1.79859792074266,1.72751174570534,1.67151979027296,0,0
"34",1.34836886301424,1.62470211108677,1.84334872629577,2.02262571760295,2.12962757288277,2.15254007543569,2.11523288801477,2.04738242054548,1.96514220347699,1.88496893307042,1.80081062940477,1.73336112810198,1.67353145838419,1.62293158550626,0
"35",1.34836886301424,1.4490384322077,1.65259511431694,1.81954819514216,1.94161267470556,1.99765027144726,1.99005178313999,1.94630275358289,1.88599612995058,1.82134837390506,1.76083389798084,1.69614662748909,1.63762357152726,1.58827982342079,1.54301120644076
"36",1.74429468047285,2.31181296877037,2.65364526507834,2.79174544651061,2.7531554893181,2.62889299411139,2.47396665780526,2.32657551108956,2.19758890779325,2.08310463140956,1.98066316526445,1.87922611242558,0,0,0
"37",1,1.20931567600021,1.39676372478645,1.5576870355955,1.70149187701949,1.7866789479784,1.80944445494388,1.79377616881099,1.75289172695688,1.70659560564181,1.64985281456849,1.59236218954138,1.54436953375187,1.50026442275864,0
"38",1.71049589656829,2.09167427997184,2.42072162356596,2.59002492444882,2.59954889941526,2.51272768803421,2.38623117581674,2.25946773223472,2.13361845768304,2.02111251956562,1.90600755570559,1.82252631065123,0,0,0
"39",1,1.3501898427657,1.62817166774749,1.83273911938808,1.96700027288887,2.00737803717322,1.98448635791404,1.92847883641908,1.86120041316579,1.79319107067156,1.71771995167855,1.65567975302978,1.60377523226516,1.55405816237963,0
"40",1.43531353035095,1.70638911502697,1.96997684481631,2.16235798862479,2.2560749916736,2.24894882412554,2.18438698476154,2.09148729923894,1.99908383250208,1.9093045417686,1.82420959684561,1.74177504562808,0,0,0
"41",1.22633248595251,1.30847345824022,1.45196131317665,1.57448675667608,1.69449829874192,1.78088108290053,1.81436099862587,1.80404460861902,1.76940355729845,1.72576178409103,1.67823399302468,1.63042122432329,1.58104371689513,1.54166021140151,1.50530282275014
"42",1.29363316546299,1.50003580030848,1.67035547943794,1.82322744300944,1.94423408008887,2.00142805359814,1.99340024505904,1.95065229569193,1.89131832074844,1.82824637523927,1.76364115386453,1.70167272062696,1.63826778479479,1.58523103142691,1.54333535224604
"43",2.12565985332534,2.6674588624724,2.9623108228546,3.04694068874252,2.96202232142705,2.79246045627103,2.60881841027597,2.4359827033984,2.28023214125577,2.15016581656929,2.02450516719899,1.92344205239148,1.84046970043912,1.77117159002294,1.71446589846673
"44",1.76017160979655,2.15359376010843,2.4402447731307,2.59205468327061,2.61425751094022,2.53267480701345,2.41421134644817,2.28122018419747,2.15209637311767,2.04003679645199,0,0,0,0,0
"45",1.56099495215894,1.97275556868105,2.28569712374945,2.47392866164484,2.5096061143413,2.44160965091567,2.32941916600757,2.20963405268861,2.0967073485011,1.99134246929983,1.89375150676604,1.8084798005749,0,0,0
"46",1.6101828400782,1.78582539192216,1.95864483769417,2.11842697095233,2.21619296653493,2.22969764765432,2.17725162209505,2.09711552277581,2.01007528761902,1.92501962284517,1.84841450658774,1.77928683844197,0,0,0
"47",1.43531353035095,1.5509128972257,1.66499887762174,1.77858701623343,1.87777201145237,1.94851030298366,1.95812565923119,1.92678061675672,1.87791412054333,1.82171227749359,1.76075257775861,1.70025154350747,1.64382765323811,0,0
"48",1.50389136610246,1.55842200386964,1.68281573735549,1.81393901123337,1.92464195311457,1.98550774246493,1.98808996393664,1.9523191356649,1.89855688380608,1.83684740417765,1.77065571867192,1.71373371235753,1.65773444556766,1.60862897978188,0
"49",1.29363316546299,1.57629421461644,1.77580284745286,1.97094929314631,2.08674355309766,2.11447968447008,2.07588344020168,2.00733231722473,1.93504101737099,1.85209761873366,1.77835044581082,1.71171580997828,0,0,0
"50",1.6101828400782,2.09594126377869,2.41266407560475,2.57972447665132,2.59559375236391,2.51463481134838,2.39037396275657,2.26516311664574,2.14073265579332,2.02723801548668,1.91814873194776,1.82997565647032,0,0,0
"51",1.58642437571285,2.10020694795304,2.42385567650124,2.60102291848574,2.6066148869462,2.51287779417798,2.38154247383629,2.24639990501794,2.1242317357842,2.01601011854513,1.91745028660242,1.83821603106688,1.7599935712259,1.69878161746609,0
"52",1.63249684072392,1.91797908307909,2.10285845956059,2.25343524443021,2.33607059866968,2.3264545310266,2.2566733949303,2.16419967971913,2.06552304992644,1.96832797212438,1.88039089594616,0,0,0,0
"53",1.22633248595251,1.43267061891174,1.56582376683805,1.67919467121471,1.78921662782501,1.86631370646829,1.8894052246955,1.87008001237699,1.82784879953147,1.7784220579145,1.72418006463272,1.67024261711098,1.61686986301739,1.56589773229932,0
"54",1.43531353035095,1.58209380553411,1.75244970349603,1.91534637102465,2.03714817473184,2.07742203309323,2.05298786060548,1.99337040807244,1.92223518939872,1.84705353094505,1.77762464859967,1.71107093678983,1.65099950729781,0,0
"55",2.2127542211891,2.91115107615187,3.22635505228671,3.25218711067803,3.09696977268219,2.88580973138349,2.67060108027059,2.47849861848198,2.31751637179195,2.17619252656044,2.05124346969249,1.94095688096686,1.85115730041012,1.77669863694157,0
"56",1.34836886301424,1.78043716669437,2.11430656581641,2.31417299722395,2.37920345946747,2.33578464431345,2.24229310866774,2.13981016081211,2.03525162489758,1.94447997208244,1.85821581031072,1.77172554509487,1.70080233575894,1.64163620174637,0
"57",1.13737995650662,1.279453493184,1.4700252485139,1.64307659452483,1.78191992765999,1.85850408954266,1.86897530776461,1.84077214633055,1.79417044006729,1.74267215384514,1.68931690780196,1.6382846445462,0,0,0
"58",1.22633248595251,1.2544506828458,1.18533250526635,1.24170624983306,1.33208199916394,1.42604775191816,1.5016364320052,1.54226263198542,1.55081297847081,1.53875365671297,1.51725228226025,1.48916297331308,1.46061643252469,1.4241872829862,0
"59",1.97461952511116,2.40947916359604,2.68254001857158,2.81103996745703,2.78469993516882,2.66624729303202,2.51868737665403,2.36451575991848,2.22066825470006,2.08815380207716,1.98627002783293,0,0,0,0
"60",1.65354853976121,1.963233049937,2.1656758365844,2.33065381469245,2.40082408981746,2.37341792900579,2.29180178058774,2.18833838360025,2.08083367338593,1.97560508580783,1.88396456439546,1.80711455867687,1.73688271979353,1.67411695475777,1.62106034710806
"61",2.15855562594483,2.80698418726258,3.12811777195193,3.17710391934009,3.04607933999353,2.84762383563309,2.64787070954911,2.45810742466149,2.29446401265574,2.15790022881749,2.04434904193463,1.94083853327115,1.85592176202202,1.78743782509004,1.72371916402739
"62",1.47135243346982,1.75763951911512,2.03516355782974,2.23220664524871,2.31403016101435,2.29154946079884,2.21564990880952,2.12278802942426,2.0286284253784,1.93566019714757,1.85389623856237,1.77331822067884,1.70932455252945,0,0
"63",1.67348676678581,2.0378340992558,2.32560804535994,2.50531716528317,2.53938224207782,2.46638028336586,2.35121507209777,2.22682127542417,2.110949919062,2.00619160417845,1.89310502324127,1.81342665095156,1.73794372081669,1.67890918466084,1.62868287218551
"64",2.11880527078407,2.66371629102115,2.97041325125468,3.0559070290731,2.96557204348151,2.79279786330053,2.60737363917453,2.42574645273408,2.27160673293774,2.13542134203412,0,0,0,0,0
"65",1.69243478358413,2.08032177806601,2.34448704203159,2.50250872584615,2.54369580133004,2.48100340201329,2.37090408225555,2.25108056931464,2.13206987509476,2.02656746401272,1.91072261438522,1.81788771916624,0,0,0
"66",1.29363316546299,1.37647750388894,1.40728142387351,1.50661968805832,1.61479471493964,1.7029288899169,1.75086080346914,1.75472697511757,1.73140346681074,1.69740187860954,1.6577957778522,1.61570786903096,1.5728335902957,1.52605642109614,0
"67",1.77544437079358,2.24671826307386,2.54020624406911,2.6913303593249,2.6866684019846,2.58311701411872,2.44657833503167,2.31165154523992,2.18363291160598,2.06625524403856,1.96461868776634,1.87086139124791,1.78899888066218,1.72095453699368,0
"68",1.72775759841212,2.12075456613553,2.41056299413499,2.57820528172541,2.59798324295973,2.51435749659097,2.38949817946022,2.25721940540047,2.12755694006223,2.01340993128899,1.92099928054443,1.83248583474159,1.75489852941615,0,0
"69",1.71049589656829,2.19464593571481,2.49945124217796,2.65955168313381,2.65869841470198,2.55813091739996,2.42246155662611,2.28950313803202,2.16829832403455,2.05305983934194,1.94748448025355,0,0,0,0
"70",1.69243478358413,2.03476464460864,2.29013313768383,2.45377513589806,2.50383081806127,2.44886821677032,2.34738803012398,2.23389388102637,2.11902931451775,2.01152109345499,1.91353615700555,1.82591323889269,1.74905306086657,1.68892356764015,1.63449791619067
"71",1.89220058193626,2.4049533767488,2.72533480879216,2.85384040685341,2.80858266972387,2.67231635953643,2.50885166533865,2.34784951788258,2.20428642679253,2.08066018854296,1.97147039304518,1.87117361759226,1.79398288380901,1.73169870817458,1.67327688692304
"72",1.47135243346982,1.94283572947165,2.28027756362357,2.47259063649406,2.5046247359087,2.43080436680386,2.31577907857466,2.19329352861415,2.07606085299728,1.9641623766372,1.867270683364,1.77969336107554,0,0,0
"73",1.39480598953532,1.674130936884,1.94777836100812,2.14746547675338,2.24247261913376,2.23604623733361,2.16856068060927,2.08237039612827,1.99356587728911,1.90652330444731,1.8249385324784,1.75306750677162,1.6885945435203,1.63063598748793,0
"74",1.43531353035095,1.69812182765622,1.94468865794198,2.14444379257452,2.2403602351443,2.2326848229996,2.17249063485001,2.08983458368583,2.00379332486259,1.91263520537784,1.83156188635535,1.75893977254786,1.69645121085421,1.64366714144797,1.59340254386575
"75",1.56099495215894,1.67315192208324,1.81749997756953,1.94549846791317,2.05004795910623,2.09592831209115,2.07614830276855,2.02218568292139,1.95546476912943,1.88251464112624,1.81096741674884,1.74238351050794,1.68345324323459,1.62972701593044,0
"76",1,1.23578958478389,1.41636937278147,1.58324474359765,1.72457306110521,1.80879329937712,1.82758837539627,1.80654289729022,1.76455650752253,1.71147316752886,1.66110925866006,1.6023880594845,1.55339665555174,1.51190354340334,0
"77",1.22633248595251,1.34532210851321,1.50069105285153,1.6577634151439,1.78676551202514,1.86261362411284,1.87883727807488,1.85769882358041,1.81363761007512,1.76423938629265,1.70695779818699,1.652244099495,1.60736365084981,0,0
"78",1.29363316546299,1.52029323732302,1.75532943979241,1.94064383518537,2.06186702954549,2.09308760617982,2.06052989707765,1.9963419174886,1.92390308637077,1.85279715946172,1.78342733836929,1.71791026748483,1.65967502376817,1.61038646593503,1.56313677279578
"79",1.80436728744931,2.05685880175233,2.31637371842287,2.47745983041629,2.52247469600432,2.46420527361372,2.36058464486262,2.24335673805498,2.12748707211776,2.0196738396,1.91843461464443,1.8246595642564,0,0,0
"80",1.47135243346982,1.62629311110477,1.8150430401498,1.97238971980565,2.08561274079653,2.12128663889327,2.08825027817418,2.02400160087027,1.94966648612159,1.87191991278118,1.79954977525371,1.73054258846218,1.67100443345601,1.61477653056417,0
"81",1.34836886301424,1.33635111482064,1.45989761306858,1.61111527449401,1.74142133250443,1.82429143827598,1.84676894825733,1.82623075543285,1.78588386239276,1.73878842523186,1.68489845776055,1.63697270640527,1.59001756371605,1.54514415616876,0
"82",1.34836886301424,1.68566623693247,1.92610754062192,2.12795591721897,2.22668861798548,2.22187667746055,2.16185638582644,2.07691328285325,1.98964813101568,1.90248530995084,1.81823634078261,1.74712367430551,1.68770554243191,1.62983471850165,1.58082789954764
"83",1.34836886301424,1.47597440336724,1.61154221631235,1.75068547291792,1.87468534605726,1.9426093463626,1.94752780074104,1.9115944181563,1.85731016044897,1.79471307463652,1.73396570878629,1.66715501125786,1.61161568282013,1.56830961919719,1.52481557135477
"84",1.56099495215894,1.69169479687666,1.87415269689228,2.0331772984089,2.14048522940871,2.16703713568008,2.12653865633252,2.05478193396291,1.97854671003975,1.90324811476885,1.83195915685247,1.7636248611894,1.69803523797373,0,0
"85",1.76017160979655,2.21401112716803,2.50016062976598,2.65905947386123,2.66232997175315,2.56460883966647,2.4304474518078,2.29045036456358,2.15312515084633,2.02806302077314,1.92288213961427,1.8397405058432,1.76598217947938,0,0
"86",1.65354853976121,2.16087690845469,2.48529027922706,2.65173211649696,2.64924356934809,2.54475932348262,2.40932399581096,2.27064677901887,2.13328419941113,2.01964255159657,1.92061699357676,1.83214921147116,0,0,0
"87",1.22633248595251,1.59722846039016,1.85656174041349,2.05059872463315,2.15732946816447,2.16894734166805,2.12079052882013,2.04578041744735,1.96227402507703,1.88246770947941,1.80884260584146,1.74189175726596,0,0,0
"88",1.13737995650662,1.279453493184,1.44651867081663,1.61528460946906,1.75632646743072,1.83465515748644,1.85174804093017,1.82751474619414,1.78556174432516,1.73627665174834,1.67964648822022,1.63038074594762,1.57443789848415,0,0
"89",1.39480598953532,1.54271984592308,1.63269165618551,1.76526064534888,1.88458904742912,1.95075119861212,1.95658825415896,1.92290370142114,1.86959900290925,1.81000499343553,1.74630068293992,1.6832200709643,1.62603133140907,1.57778392051688,0
"90",1.47135243346982,1.75406088622897,1.94695777948762,2.09915443896321,2.19714284693875,2.21335877365558,2.16947283714198,2.09481039113516,2.01023648255351,1.9227409846377,1.83916354996254,1.76344604264353,1.69342075203189,1.63498542567908,1.58551103069243
"91",1.77544437079358,2.16444481726504,2.45608673118106,2.61727894812957,2.6281585434106,2.54118287957875,2.41789024339774,2.28889595653441,2.16512404842279,2.04932002027706,1.95119690510751,1.85340463479245,1.77815838876824,1.71121960334591,0
"92",1.63249684072392,1.91484670197753,2.15755687911334,2.34030748507305,2.40755988593757,2.37207469897826,2.28271863773103,2.17312258208685,2.07214166905278,1.97336832931336,1.88200922011211,1.80911686943782,0,0,0
"93",1.58642437571285,1.98426843755608,2.24593801835102,2.42565028217681,2.47448700522105,2.4243868700824,2.32750374718166,2.21017627046992,2.09758590429314,1.99538461417108,1.90276009022842,1.82375018841684,0,0,0
"94",2.13241886734913,2.70035052582445,3.01471950506457,3.08718642766897,2.98760845799708,2.80887390668592,2.62155069290885,2.44091526375542,2.28277037139798,2.14495954715651,2.02424086000739,1.92321025461166,0,0,0
"95",1.79016191070981,2.33157397922704,2.67809704043297,2.81529498743726,2.77144519779703,2.6363762824414,2.47862573289502,2.33190517688022,2.1899747643311,2.06385139667526,1.96096342719756,1.86196640387004,0,0,0
"96",1.47135243346982,1.57676642206871,1.71505006632177,1.88212274779991,2.0028557879404,2.05052356752907,2.03308706713062,1.98074523670437,1.91509749176215,1.84601812127618,1.77591384818978,1.71376121915752,1.65595261652655,1.60119679448483,0
"97",1.74429468047285,2.21615285909154,2.54661723359771,2.70146105685216,2.69165147397504,2.57811829649598,2.43395869160067,2.28586074500907,2.15101829939642,2.03609093265615,1.92985825606692,1.83468672641348,0,0,0
"98",1.56099495215894,1.88408241150385,2.11962557152538,2.29295335994652,2.36925961805609,2.34686302480059,2.26444500105882,2.16483706142054,2.06140678009333,1.96823484275845,1.87752089222384,1.79736810904784,1.72364836708034,0,0
"99",1.91429882024038,2.43262292362473,2.75363011681893,2.87514762143714,2.82470470192141,2.6857797421848,2.524614877898,2.36341263859789,2.22803050956794,2.10709643223275,1.98730096436242,1.89416375633255,1.8144412683851,1.743786806322,0
"100",1.63249684072392,2.03091050890283,2.29509878499677,2.46343766426736,2.50857128387932,2.45122899647868,2.34889021572904,2.23426022715939,2.11772653154416,2.01124852347202,1.89747877557473,1.81729369221243,0,0,0
"101",1.47135243346982,1.82107628575556,2.12190419951385,2.32395865816745,2.38519792307947,2.34441001301934,2.25333312316596,2.14375085398904,2.03815868316752,1.94243208717364,1.85883012791664,1.7808452933562,1.71793284074245,0,0
"102",1.89220058193626,2.37290811708681,2.66506774101228,2.80018162877829,2.77506565018128,2.65176750658033,2.49704501402206,2.34007018847556,2.1968748041535,2.07429926469,1.96820921098455,0,0,0,0
"103",1.22633248595251,1.55023708848588,1.83185099875269,2.03151103238427,2.14192268929277,2.15362191436402,2.10320092734092,2.02927935700417,1.94902216149999,1.87090696574264,1.79865711834303,1.73502842087408,1.6782722845382,1.62722216713329,1.57845215955475
"104",1.53360771877001,2.0676868568326,2.38591758901371,2.5552089810567,2.57569156139282,2.49681520731638,2.37575620809931,2.25340702058056,2.13488760535941,2.0276171054116,1.93091615870611,1.84683473098635,1.76765481005768,0,0
"105",1.34836886301424,1.57522387393347,1.7786365868696,1.94174681541105,2.0565027059617,2.093207796499,2.06876191367164,2.01119533834147,1.94115999945068,1.87078350605565,1.80329412272084,1.74287240316279,1.68389185652159,1.6263970711367,1.5777018038117
"106",1.79016191070981,2.29497832527169,2.64728788211967,2.78802164210579,2.74819476991304,2.62348983496642,2.46967843217379,2.32239041807736,2.18638382161153,2.06760522171117,1.96012838119589,1.87261074116803,0,0,0
"107",1.99304452927106,2.58702539309836,2.90471247173163,2.9988265130602,2.9203570355195,2.75602554623269,2.57550725255763,2.40185228043641,2.24900787865262,2.12024103277126,1.99866219606758,1.9007666654137,1.82311326926808,0,0
"108",1.63249684072392,1.96406687104196,2.24160765154499,2.42283325874662,2.47210712037798,2.41953572888842,2.31738550290875,2.20634712670932,2.09303589801151,1.98817226159443,1.89098771692955,1.81802325302181,1.74203395955895,1.67875058047371,0
"109",1.72775759841212,2.06941513951991,2.33036059210038,2.49333752841153,2.53370948013908,2.47300323052897,2.36678802994363,2.2482715197369,2.13205409847648,2.03138402257644,1.93553707147308,1.8509140750705,0,0,0
"110",1.47135243346982,1.81124293355959,2.10424709743162,2.29494813332472,2.36673284172962,2.33479266245906,2.25076816983848,2.14771393963032,2.04832899349224,1.95527644608631,1.86895833123775,1.79526178154372,1.7289567603933,1.6730430420276,0
"111",1,1.20931567600021,1.43912753831041,1.64448064564417,1.79337235135557,1.86325494693122,1.86354526109561,1.82920285885594,1.77848257891629,1.72267119364371,1.66600994322972,1.60675135788247,0,0,0
"112",1.56099495215894,2.04152235822676,2.37007116770488,2.54804422516679,2.56636459986424,2.48590021911154,2.36592523433882,2.23968416713538,2.11487057325475,2.0024926740197,1.90566177296973,1.81344269305572,0,0,0
"113",1.65354853976121,2.01773870259618,2.25709923788996,2.42423339836111,2.4789438987369,2.43185731703788,2.33201725652282,2.21998827061905,2.11087766783904,2.00533446502492,1.90814063749944,1.81562003672149,1.74447244352468,1.68865498435988,1.63425423232039
"114",1.50389136610246,1.88068992724128,2.17349220555428,2.35644499374722,2.41838788573438,2.37944202850943,2.28678440375794,2.17636800455344,2.06827650177267,1.96581362576999,1.87689558181829,1.79908911005834,1.73426910155127,1.67176561154861,0
"115",1.90339030602124,2.42965661317269,2.76917297229418,2.89114470965119,2.83126281294803,2.68744812418753,2.52388204249671,2.36160999987553,2.21117970251886,2.06605890312363,0,0,0,0,0
"116",1.83138968861584,2.50298170158402,2.86550235945068,2.96299730519601,2.88032810436226,2.71209396289232,2.53090004902445,2.36291078538426,2.21114226565809,2.08990596662615,1.98522232201334,1.88321868125863,0,0,0
"117",1.58642437571285,2.04039636125674,2.3469015067466,2.52253614610564,2.55020857317099,2.47708839712545,2.36209616671064,2.23914259649639,2.11572040143655,2.00452036715612,1.9152046950378,1.83295901356867,1.75531930254669,1.69069675865805,1.64133078851357
"118",1.91429882024038,2.30404364195071,2.5677925748662,2.7075689711532,2.70720490512106,2.60778892531195,2.473702246271,2.33227634413806,2.20361816489201,2.08343991408004,1.97095740254134,1.87072417379356,1.79358275608424,0,0
"119",1.47135243346982,1.55086507189756,1.57592210870561,1.64581248010244,1.74513022586163,1.82461038241285,1.85745576828641,1.84674038378238,1.81000656835329,1.76131260779202,1.7107386889091,1.66013316448675,1.60778051908184,1.55768024240365,0
"120",1.65354853976121,2.0055839083438,2.28227043380007,2.45620826133551,2.50294818175281,2.44272125564229,2.33449061120375,2.21707436533731,2.10029801213879,1.99909451333579,1.91045207298179,1.81765012082216,1.74170195930807,0,0
"121",2.08298592438455,2.80283151773006,3.15568719860451,3.19311328700039,3.03964393584404,2.83210218682302,2.62706061116593,2.43662508689911,2.27312822281874,2.14204707211014,2.02472381538386,1.92363380539862,1.8406400753019,1.76727560209367,1.70548445102209
"122",1.22633248595251,1.46709676061869,1.64769980443355,1.83767250351049,1.9679057550483,2.01655294654731,1.99683494981431,1.94609669408624,1.87829838677403,1.81183016575945,1.7428760143653,1.68316998176369,1.62598640022255,0,0
"123",1.58642437571285,2.00040351474094,2.30012707805771,2.47627101378862,2.51538787232408,2.45062884358001,2.3417225565426,2.21954228961505,2.1071502551352,2.00365412470919,1.91130350442932,1.83130764719103,1.75385079525441,1.68937657427796,0
"124",1.99304452927106,2.52668320034971,2.84881797913465,2.95896333634861,2.88606492113625,2.72578561739972,2.55020657192708,2.38894636151895,2.24517029113698,2.11571345863773,1.99892631110113,0,0,0,0
"125",1.56099495215894,1.8168922356372,2.05158277618299,2.22165157926333,2.3093267730345,2.29784732899173,2.22824943625142,2.13935454187674,2.04770984456552,1.95220492055154,1.86174737624604,1.78024930373538,0,0,0
"126",1.74429468047285,2.32532729984135,2.70177792752162,2.83246055433782,2.77628011509658,2.63512342985859,2.47433811034831,2.31591190794764,2.1795434171107,2.05659784584042,1.94359837688545,1.85568074686754,0,0,0
"127",1.39480598953532,1.44734109345743,1.44432478664936,1.45717414462573,1.49069500661544,1.55547689058459,1.617747997289,1.65210968379378,1.65402933633715,1.63677146463448,1.60869298577378,1.57405078354324,1.54031477676642,1.50345327903195,1.46562146051548
"128",1.34836886301424,1.48763149736391,1.60402499191666,1.73043879149896,1.84849713720709,1.91855528160479,1.93111658094431,1.90244596798326,1.85576293823925,1.79802611880791,1.74015439589559,1.68074363583559,1.63058517140475,1.58916461526915,1.54692534670681
"129",1.74429468047285,2.14978432292461,2.46654714236004,2.63690824574448,2.63700411622335,2.54013097839684,2.40562193788092,2.26906433182276,2.14507875819429,2.02979114544181,1.93281390018813,1.84617411748459,0,0,0
"130",1.58642437571285,1.94888316478913,2.21934017810202,2.39846169407086,2.45659849288387,2.40648966994876,2.30612199131635,2.1902038119515,2.07405741546523,1.96975551007341,1.8721442289349,1.7894243181271,0,0,0
"131",1.76017160979655,2.21168437297677,2.49783777868391,2.65081400562009,2.65746188365277,2.56336742916312,2.42861076727356,2.29422535474583,2.16045263953318,2.04530003169188,1.94073604204322,1.85315796513997,1.77327396443083,1.70683202111009,0
"132",1.53360771877001,1.91326493277805,2.14626032511717,2.31057890996726,2.3863310353623,2.35714209955906,2.2752654737651,2.17570902565443,2.07171472394784,1.96878421223201,1.8780012654293,1.79459130851018,1.7211755293579,1.6660143693245,1.61370379904155
"133",1.67348676678581,2.15884354846711,2.52135962997297,2.6832958981729,2.66598839098968,2.55306481153387,2.41061141033775,2.26867293876803,2.13645630055217,2.01960382764991,1.90470330932817,1.81260075536278,0,0,0
"134",2.31111721670315,3.04581173827583,3.3656443000035,3.35320560160851,3.1625377971471,2.92792799712606,2.70087688420677,2.49668444830295,2.32083393174571,2.1774492916632,2.05232933260644,1.94190530539131,0,0,0
"135",1.22633248595251,1.28459431558451,1.34277444800148,1.46154928618874,1.57791400209321,1.67403372895567,1.72324726418746,1.72674704305026,1.70541921232767,1.66931162332684,1.62864427216895,1.58214625299823,1.5311393753119,1.48826548545333,0
"136",1.95540833946677,2.32626085737919,2.5934158655099,2.73137509917069,2.7260368695429,2.62159865155019,2.47921960727047,2.33525988142449,2.19854158458404,2.07288822964426,1.97295527960516,0,0,0,0
"137",1.79016191070981,2.18881892432883,2.42997172435505,2.57630980812028,2.60496810677174,2.53214078802939,2.41736262377349,2.29109138751201,2.16330053832659,2.03039664531957,1.92998949102114,0,0,0,0
"138",1.34836886301424,1.4490384322077,1.58376477102678,1.73982745756625,1.86422583085937,1.9327085943581,1.93845356290759,1.90138071772407,1.84804826468763,1.78877748096469,1.72253778224471,1.66713801797926,1.6183248599688,0,0
"139",1.86890919007765,2.25099114739984,2.5370994472606,2.68576174140021,2.68690570362865,2.58794531368211,2.4496728192049,2.30926547515819,2.17925268888864,2.06511778626722,1.96498039844131,1.87451725133783,1.79224483981722,1.72386869372784,0
"140",1.29363316546299,1.57203380282832,1.73698549690544,1.8977045797902,2.01353310406403,2.05948775653739,2.04194154311915,1.99089860050452,1.92110934458375,1.85186862407389,1.78560312736809,1.7258157019997,1.66999588453918,1.61386687431029,1.56630370699107
"141",1.47135243346982,1.83259224807281,2.04873347529238,2.2247569396246,2.31085571980873,2.29880393100893,2.22934183025491,2.13998090849372,2.04340969052253,1.95356688244785,1.86746035823066,1.78529138241963,1.71289162765624,1.65252445129005,0
"142",1.47135243346982,1.58813134931592,1.70541738831658,1.83769805181331,1.95407379500265,2.01189484916355,2.00674877731805,1.96152627225503,1.90034909966429,1.83878781992047,1.77173955883336,1.71193263628745,1.64743789668676,1.59716208532954,0
"143",1.58642437571285,1.89630330055284,2.13953973922382,2.30901366931173,2.38161373697582,2.35393663061098,2.27547940183038,2.17697658106561,2.0764947222278,1.98182347586548,1.89335579894692,1.81135641687897,1.74066819053667,1.67752213765391,0
"144",1.39480598953532,1.69613807489516,1.9518322183298,2.14099071126516,2.23892704839871,2.23722687060356,2.17612317980019,2.09074877578378,1.99844851583908,1.90718877373538,1.82678038230956,1.74404072019121,1.6849399843012,1.62734190268543,0
"145",1.96511686213595,2.42546126490363,2.76952237355042,2.89519630695643,2.82905418196626,2.67940531121768,2.51009393354454,2.34844770284676,2.20479186752557,2.06941979105459,1.94772608975848,0,0,0,0
"146",1.50389136610246,1.74734600778909,1.92956318068613,2.10156622603371,2.2038339028225,2.21368292520014,2.16275160953929,2.08394668564295,1.99785088684258,1.91637168511185,1.83595675009879,1.76283535707535,1.69732938029298,1.6422613184074,0
"147",1.88071296623518,2.39188933609259,2.72257275325801,2.84882867235101,2.80254512137237,2.66833889417227,2.50997414085568,2.35781994506292,2.21427652680135,2.09157082765916,1.98322653940948,1.89057872986814,0,0,0
"148",1.90339030602124,2.34893884713998,2.66424889885664,2.80421383547329,2.77127913711254,2.64230473828511,2.48500683420275,2.33117475757871,2.18319413721701,2.05609460895357,1.94316241804827,1.84635877376417,1.76723179418684,0,0
"149",1.77544437079358,2.146054578537,2.4286774413224,2.59237109689086,2.61303889702882,2.52753360446046,2.40173277107566,2.27119388705449,2.15123181855871,2.04311866923375,1.94444393572616,1.8564259440372,1.77617752320346,1.70944032777668,0
"150",1.67348676678581,2.03975733777651,2.34117865130081,2.51211190121006,2.54612666971987,2.47410190598386,2.36034700398943,2.23659422790884,2.12133452323989,2.01259443477145,1.92393226659049,1.83506830794952,0,0,0
"151",1.53360771877001,1.94646040502786,2.26039770358221,2.44405694761201,2.48620145530015,2.42654495243572,2.32234455662442,2.20920301296741,2.09254878678121,1.97341989248648,0,0,0,0,0
"152",1.29363316546299,1.52642799213212,1.73079269048846,1.90669928731007,2.03090913736284,2.06991431399272,2.04351009534381,1.98481290788989,1.91462999320564,1.84434860601734,1.77597137131021,1.71265159807471,1.64808034322381,1.59409116304718,0
"153",1.79016191070981,2.10553195209346,2.35382430769326,2.51631608014809,2.55309302127915,2.48756445889253,2.37722886904882,2.25675419555846,2.14169070934779,2.03880140610488,1.94201454495837,1.85845310279458,1.78885710012737,1.72476983975436,0
"154",1.50389136610246,1.63209470162205,1.70313035576874,1.81949530965409,1.93065967019326,1.99318069885315,1.9934780958616,1.95520137814378,1.89636307943671,1.83797487623076,1.77331907307497,1.71611302195097,1.6580626655137,1.60310097309636,0
"155",1.43531353035095,1.76857066382149,2.0173933931828,2.20498543885238,2.29336264836337,2.28026924941685,2.21323373600577,2.11976122269817,2.02779841243785,1.93853439780532,1.86092605160961,1.7867060905529,1.71866112539438,1.66532367834002,1.61307659944615
"156",2.15215101558446,2.71878512559404,3.03690948727886,3.11065380465288,2.99968092346509,2.81716589099077,2.62007037855911,2.44267959600476,2.28804494614162,2.14327132259805,2.02578455347705,1.92456404306227,1.83663523887404,0,0
"157",1.65354853976121,2.01377708774298,2.32160087951599,2.49302419552345,2.53050355097271,2.46545749396962,2.35294603576223,2.23035941973406,2.11307090276543,2.00546587513593,1.91005090751314,1.82840549669535,0,0,0
"158",1.50389136610246,1.85951212527853,2.18830966849228,2.38824382732409,2.43808369652985,2.37619477185791,2.27482018455729,2.16483170811568,2.05570320606982,1.96046971603259,1.87464687739507,1.79163226925451,1.71854010087554,0,0
"159",1.63249684072392,2.03091050890283,2.34086935627055,2.51079407444079,2.54394199249184,2.47525535524463,2.36442783547154,2.23889611825026,2.1155107972191,2.00933540650787,1.90943083800112,1.82785758411654,1.76149471408912,1.70241137379038,0
"160",1.95540833946677,2.51401618143026,2.83377563033648,2.94296794370651,2.87299574140987,2.72417204836146,2.55387599502278,2.38813374073744,2.23351800634288,2.10284614090452,1.99073172700025,1.8880424655952,0,0,0
"161",1.22633248595251,1.49921392124784,1.74330449991584,1.93239142040849,2.05064603640955,2.08573806330656,2.05563988674573,1.99410116551342,1.92177037890072,1.84955133435198,1.77982811186334,1.71086384015577,0,0,0
"162",1.91429882024038,2.50148158902549,2.83133060773761,2.93930961545498,2.87125021804515,2.71887477463891,2.54840134062606,2.38319577578657,2.23238260532658,2.09816533050155,1.99082920613695,1.89388932658011,1.80943736335282,0,0
"163",1.77544437079358,2.29104199947306,2.58197785623433,2.73392618262204,2.71630704413387,2.60266252309033,2.46288090444075,2.32492839649141,2.19305242200319,2.06818274956653,1.94665879148437,1.84942520098148,0,0,0
"164",1.56099495215894,1.5976259028351,1.7832560970662,1.95476718500645,2.07010818327908,2.10578776349535,2.07583755412781,2.01638513631092,1.94465060069019,1.86754133880108,1.78759927369353,1.71993165400899,1.65458453820095,0,0
"165",1.53360771877001,1.76088357800611,2.00006837282251,2.18764270024745,2.27950885483605,2.26970255560034,2.2004406285628,2.10900699478114,2.00530967292008,1.9173342980848,1.84226210068927,1.76304330181727,1.70012595494567,1.64478663300928,1.59441995032863
"166",1.13737995650662,1.44666142484496,1.72267778160438,1.93981474214949,2.06191465851259,2.08422870428026,2.04452552346065,1.97576826735719,1.89984490146251,1.82361958648986,1.75206155508678,1.68320883772551,0,0,0
"167",1.53360771877001,1.84557078466295,2.08238787947927,2.25866754330066,2.33809753246184,2.32039959579791,2.24655443265074,2.15053841845386,2.0540328955796,1.96022562226654,1.88059283482807,1.8000825220655,1.73060587073009,1.66846958605545,0
"168",1.65354853976121,1.85655499947733,2.14599084990242,2.34061345039274,2.40377325239834,2.36048115458872,2.26898852274147,2.16672211672912,2.06401151265845,1.96108022788421,1.86068852852806,1.77390170398047,0,0,0
"169",1.43531353035095,1.78401797415231,2.06996509414321,2.26890705904727,2.34435840549027,2.31350171132389,2.23260017269457,2.13046893416112,2.02937927361723,1.93482417251524,1.8416879744316,1.75717419792385,1.69226734787681,0,0
"170",1.69243478358413,2.10401435959627,2.3955372364638,2.56772734586883,2.5877396735473,2.5073354081035,2.38663989480625,2.26043674014527,2.1377368119875,2.02851765194262,1.92835219390462,1.84638107417193,1.77190044432024,0,0
"171",1.22633248595251,1.4543935820213,1.67961216905707,1.86628641324661,1.99332006180745,2.03644997387323,2.01490621617706,1.95979614779117,1.89121983719976,1.81609165749661,1.75444474340465,1.696501276027,1.6404605618626,1.58721127933701,0
"172",1.71049589656829,2.11133183519471,2.40664760959717,2.57174296421646,2.59351462230405,2.51449155975224,2.39384235474623,2.26544425004291,2.13742575946349,2.01687164543089,1.9182013973004,1.83328652691594,0,0,0
"173",1.67348676678581,2.00159094726357,2.2517269871359,2.41855172957371,2.47377500434994,2.42493673530016,2.32930619199551,2.21814776976165,2.10703832268468,2.00281179305293,1.90925129736129,1.82213877399358,1.74569548650269,1.6820436292521,0
"174",1.34836886301424,1.54934786301286,1.72883668088231,1.88017041799689,1.99629110188235,2.04663994107387,2.0326898365026,1.98437713812107,1.92262835654422,1.84914613938134,1.78152027641664,1.7187546599171,1.66365034360986,1.61182712673505,0
"175",1.90339030602124,2.36415953687922,2.68453147959777,2.8247265691869,2.78694212744296,2.64951491485871,2.48537843260526,2.33148461717626,2.18345530650213,2.05401780207987,1.94542813688121,1.84834592733649,0,0,0
"176",1.74429468047285,2.23051312016178,2.55641532067265,2.70617845160079,2.69634254686717,2.58731310370288,2.44440483417994,2.30407264763162,2.16804729522148,2.05622749018775,1.95432222045895,1.85614478357736,1.78059938292509,0,0
"177",1.39480598953532,1.58471923681877,1.77119398619276,1.93944781553633,2.05654465858417,2.09397760440303,2.06512677856911,2.00887250552871,1.94047734712292,1.86939341819071,1.79563355996533,1.73131950410729,0,0,0
"178",1.79016191070981,2.21020189986968,2.48654847781098,2.64425759179093,2.65244258223001,2.56016801295934,2.43203812044355,2.29618717336679,2.16911840062885,2.05638546406957,1.95736256955322,1.85881011397963,1.77829559830343,0,0
"179",1.50389136610246,1.85023048541866,2.09762184015568,2.2850457340379,2.35673064639722,2.3324948932671,2.25443462754086,2.15859924562151,2.05767006207112,1.962174858707,1.87716145539621,1.80375587213873,1.73655154188061,0,0
"180",1.13737995650662,1.47741976081849,1.68894590093102,1.8607500345949,1.98470410196303,2.03210205701138,2.01541127649958,1.96394054367053,1.8996458582823,1.82904052337669,1.76093630561747,1.69926352402547,1.63611392027103,0,0
"181",1.29363316546299,1.52029323732302,1.73828243666491,1.92510760050636,2.04803863070702,2.08216876472166,2.05237846686932,1.99079512133412,1.92068762096817,1.84703674915242,1.77834400349018,1.70954693400322,0,0,0
"182",1.29363316546299,1.33117330983891,1.43906466167584,1.52236913825987,1.61470294756532,1.69925185403557,1.74940126000441,1.75653648982246,1.73687809412941,1.70345958966289,1.66200337547867,1.61949283124022,1.57705258627193,0,0
"183",1.29363316546299,1.29993667826071,1.4612404713918,1.61257218690122,1.7448724472895,1.82739679578784,1.84782961191968,1.82644271921722,1.78631094355104,1.73749550783362,1.68322347594329,1.62861583735168,1.58357271850866,1.54282463231801,0
"184",1.86890919007765,2.51990035468224,2.87364273636364,2.97537131354581,2.88751821796429,2.72271925943683,2.54193445544477,2.3699427839585,2.22120660681975,2.06576478436077,1.94457245873759,0,0,0,0
"185",1.65354853976121,2.06113862982829,2.33565988846146,2.50084348704384,2.53875671213853,2.47488017793433,2.36699076906651,2.24448927198384,2.12807270107848,2.02097984238817,1.92512137488677,1.84171803129156,1.76310683908658,1.70548462408477,1.64951899237305
"186",1.50389136610246,1.31263599929039,1.35063316906033,1.4286097471689,1.53277145001703,1.62767879125307,1.68482797975126,1.6976246297449,1.68194244063637,1.65078898772521,1.61346100074241,1.57611899995026,1.53611866227875,1.49963028135857,0
"187",1.39480598953532,1.48211975711112,1.60458210037954,1.71557765224568,1.82988672260603,1.90155903772831,1.91845888189449,1.89448200026754,1.84981199504307,1.79731868868297,1.73952678005516,1.68018406959158,1.63324008883765,1.58643379716335,1.54132982212438
"188",1.43531353035095,1.79584346585546,2.08971108557838,2.28139479772601,2.35440896389972,2.32186271382901,2.24158596868591,2.14656261719329,2.05246447162432,1.9604713716965,1.87221949064041,1.79268290984705,1.72665041848525,1.66491010933507,1.61270103976298
"189",1.43531353035095,1.7484193823448,2.04972645133101,2.24202380013551,2.3219944273282,2.29867287783329,2.22359159196715,2.12871905306523,2.0347714536236,1.93684199951406,1.84344853532298,1.75872469783836,0,0,0
"190",1.43531353035095,1.72169870763473,1.92086416326657,2.10046882819912,2.20345786099301,2.21389496189975,2.15716775042621,2.07661878264154,1.98833844973555,1.90470788608521,1.82460199678188,1.75589577357407,0,0,0
"191",1.34836886301424,1.54934786301286,1.781209660263,1.96847775948207,2.08399545179994,2.11363863703546,2.07725472200093,2.01231354977152,1.93755978935579,1.86043526725791,1.78568759179586,1.7077953569152,1.65059908714403,1.60002230651229,1.55370355709612
"192",1.47135243346982,1.55086507189756,1.63468073419843,1.72828745784367,1.8299817264418,1.90143506719461,1.92128649662225,1.90045581175951,1.85643753692673,1.80204838588956,1.74580886246517,1.68791739880105,1.63591591174539,0,0
"193",2.13241886734913,2.77604433686572,3.1252781836685,3.1710146853757,3.03168227338942,2.82954747934018,2.62851857047707,2.43849459821612,2.27062637413943,2.12176849246545,0,0,0,0,0
"194",1.53360771877001,1.93495500485653,2.192540393957,2.38216291978381,2.4397244155539,2.39171678646137,2.29562208353287,2.18364549242558,2.0760824645086,1.97255724628848,1.87736916113978,1.78857599039985,0,0,0
"195",1.47135243346982,1.59865839241019,1.79521568802469,1.9685133616534,2.08150045509129,2.11558543295641,2.08376115046223,2.01998356271977,1.94439640766318,1.86487259352023,1.7883589893565,1.71537200616365,1.65051105858536,1.60208590689073,1.55558210165821
"196",1.47135243346982,1.6084671122353,1.69104916631939,1.80229632443472,1.90721884163433,1.97081981519049,1.97873265825343,1.94567757827707,1.89259431310266,1.8334675681412,1.76933231014337,1.70674088130529,1.65145236717222,1.60564436279817,0
"197",1.53360771877001,1.87692455802573,2.15261107819442,2.33339945103284,2.4014792335552,2.36445553310968,2.27669415280575,2.17250382171403,2.06577887180767,1.97151426169381,1.8736764688687,1.79397063944089,1.72968701262301,1.67370255985103,0
"198",1.43531353035095,1.75146032505606,2.02765646533082,2.21580557657395,2.30319947219936,2.28546495438597,2.20923451092494,2.11488555688419,2.02012900464312,1.92313957685444,1.83805080170085,1.75932278095461,1.69679422391032,0,0
"199",1.65354853976121,2.03985269665549,2.30617098047682,2.47233079907749,2.51702654629492,2.45955704388864,2.35416254736235,2.23776990548107,2.11843430306674,2.0126568932739,1.8986967177332,1.80732367691345,1.73974084398901,1.6766879979048,0
"200",1.67348676678581,1.97076258431014,2.21861733132839,2.38857750069435,2.45145626653717,2.40685983242095,2.30975167641345,2.20356692712239,2.08877811152499,1.99034659416878,1.89835581481705,1.81806904150083,1.74207470024396,1.68263350409297,0
"201",1.34836886301424,1.39390092296477,1.51887147093164,1.6549299698652,1.77517553094331,1.85427607189099,1.87610479107963,1.85374047933079,1.81110350127409,1.75958606129902,1.70226345020289,1.63899901593559,1.58876613674387,0,0
"202",1.71049589656829,2.10338796108276,2.42565879987936,2.59870470074516,2.6069716915648,2.5154593918225,2.39158650652315,2.26418538854607,2.14323742175254,2.03326216837895,1.92337306966675,0,0,0,0
"203",1.72775759841212,2.1650234324179,2.44832981108912,2.61268815951065,2.62520585783544,2.53893184172865,2.4121351782923,2.278281681995,2.15649121645355,2.03828725874819,1.92773000166474,1.83281898663385,1.75981189879705,0,0
"204",1.34836886301424,1.60207725273103,1.76429160907492,1.91488172040518,2.02688681448501,2.07246200360232,2.05509329476612,2.00092061847445,1.93277943417143,1.86573671821228,1.79928710701475,1.73030942187159,1.67519046738763,0,0
"205",1.47135243346982,1.88056824718085,2.17278884815864,2.36280516982644,2.42170998751006,2.37648179560535,2.28282195962473,2.17815990346786,2.06439126968913,1.95899331302848,1.86768087534236,0,0,0,0
"206",2.00198390899458,2.4829184005458,2.82632175241905,2.93862868782197,2.86773108761211,2.71222666295527,2.53657402327962,2.37045690163338,2.22164026888053,2.08664775052366,1.97373898582268,0,0,0,0
"207",1.53360771877001,2.02283393642076,2.37581277399932,2.54914332164797,2.56359554550287,2.48202876837611,2.36545230105772,2.24175944175515,2.12028204080807,2.01345478414372,1.9246861636714,1.84314065871059,1.77366614607585,1.71338782183546,1.65668406908547
"208",1.71049589656829,2.22464248611985,2.53945178460588,2.69051842063762,2.68415723977972,2.58100018236554,2.44504563240198,2.30324587147724,2.17648545776818,2.05799415870236,1.95586135283702,1.86884749346358,1.79191192384914,1.72356982468258,0
"209",1.53360771877001,1.79557835022834,2.01363704304781,2.18175421363915,2.26963294595408,2.27009472254626,2.21060566252176,2.12620261861263,2.03427335593134,1.94692948886345,1.85888266262176,1.78489503699968,1.71968411179969,0,0
"210",1.43531353035095,1.4752293462803,1.66070553745326,1.839160357646,1.96529417952153,2.01619439381234,2.00081057506348,1.95014210766445,1.88762959001996,1.82163397659166,1.75031275490153,1.68844472959671,0,0,0
"211",1.63249684072392,2.02250253462217,2.28644570979108,2.45491621368086,2.50148498100603,2.4477084051345,2.34695063401626,2.22892092194398,2.11358992448777,2.00847237650646,1.91419718785248,1.82093897377607,1.7446281004896,1.68493524917035,0
"212",1.77544437079358,2.248814668623,2.53938156050497,2.68425383386272,2.68410371374467,2.58596659302428,2.45108701600472,2.3091342951952,2.17448927561786,2.05226189474165,1.94903294722304,1.85150716716057,0,0,0
"213",1.39480598953532,1.4257234669987,1.509209574138,1.62077767614195,1.7276462077382,1.8102155480168,1.84222356704522,1.8307782095192,1.79550008428291,1.74901870719922,1.69735693326643,1.64624293135972,1.6019418014484,1.55952152043041,0
"214",1.71049589656829,2.15434594406286,2.44198985806985,2.60384228833434,2.62032268850691,2.53464800949688,2.40690467389121,2.27598960557218,2.14637818003812,2.03510852166442,1.91810307581089,1.82436848582106,1.74767898612216,0,0
"215",1.29363316546299,1.65268370360764,1.90824583232779,2.09263658150152,2.19420386225768,2.202316415166,2.15052255415938,2.07412347959702,1.98283001391576,1.89835334601498,1.82111635462267,1.7443552105539,0,0,0
"216",1.63249684072392,2.10450725143187,2.40009569900383,2.57196524978263,2.59012974225615,2.50425674906964,2.3834847269577,2.25672919449722,2.12864767767835,2.0143482891605,1.91600136729676,1.83134554358173,0,0,0
"217",1.43531353035095,1.70231125107335,1.95133604436157,2.12339473107517,2.22450444502556,2.22600854526133,2.17172674367883,2.09363496577595,2.00642897052142,1.92045559582133,1.84303583997354,1.77226454901359,1.70128279872467,0,0
"218",1.56099495215894,1.87872703791495,2.13317166547741,2.32350341802707,2.38865354173626,2.35660245061004,2.27046201386133,2.1708693625466,2.06937658783132,1.96773085691788,1.8829588043697,1.7989638068448,1.72506926813506,0,0
"219",1.47135243346982,1.81623357186113,2.08524411709854,2.26000977168584,2.33924279428084,2.31885958357499,2.24404935639064,2.15189565200469,2.05615428591085,1.96262644479628,1.87410596027074,1.79662068137363,1.72751516255229,0,0
"220",1.56099495215894,1.93983027830485,2.20631606934112,2.38726779029339,2.44579658397887,2.39832612298548,2.29960084331875,2.1879786824835,2.08052584351915,1.97736633332238,1.88550409490323,1.79572881142947,1.72671883815905,1.66497168421511,1.612756955934
"221",1.53360771877001,1.79163029035352,1.96875757665616,2.13755339622319,2.2369908547938,2.23838901128564,2.18135231198409,2.10239547037199,2.01584391514817,1.93470410525185,1.85693689218808,1.776002815304,1.70909882788144,1.64910901035244,0
"222",1.84427083759494,2.35417996713743,2.68961360122261,2.82485229434528,2.78086989190899,2.64611955459775,2.49167654067778,2.33917869575813,2.19430775330108,2.06560751322577,1.9444367508474,1.85876860744986,0,0,0
"223",1.34836886301424,1.63676386908249,1.82609064100267,1.98459365247405,2.09619282189396,2.12863185139139,2.09563822172638,2.0328908777818,1.9585094731616,1.87918428990939,1.80669617513396,1.73160144544761,1.66938641106626,0,0
"224",1.22633248595251,1.46089859571467,1.66334469568889,1.84857856152804,1.97450391888314,2.02365914369862,2.00281956700742,1.95333617136617,1.88969169385353,1.81991915944212,1.75288471029777,1.69073479552345,1.63958390123865,1.58641960792663,0
"225",1.47135243346982,1.72642930703583,1.92881755171629,2.09320161139538,2.19238200332546,2.20810102332668,2.15993809140395,2.08572422132931,2.00274585818277,1.92135468189922,1.84223846080407,1.76840218820004,1.69783969626042,1.63896710759317,0
"226",1.50389136610246,1.71210279091913,1.86636770784756,2.01940882011504,2.12224795531979,2.15409399551027,2.12211570363386,2.05622956383817,1.98079650684849,1.90521544503592,1.82379093115535,1.74983574597443,1.6857037978897,1.62803041540281,0
"227",1.74429468047285,2.30913635186879,2.64987764730806,2.78897380590915,2.7523924785089,2.62636115924806,2.47391605910646,2.32117713991415,2.18252715934735,2.05552355714861,1.94266769974097,0,0,0,0
"228",1.22633248595251,1.59722846039016,1.89202682530981,2.10382863089544,2.20204724430922,2.19853019903867,2.14020722832429,2.05633984486304,1.96972828657476,1.88305283468518,1.79646448803542,1.71730712690823,1.65658623021448,1.60176860560276,0
"229",1.71049589656829,2.12484440843986,2.38379999568824,2.54141543377651,2.57275163385656,2.50650517562788,2.3939532422673,2.26779259876592,2.14714976258066,2.03276171155486,1.92982738210396,1.84587344920891,1.76680044490326,0,0
"230",1.34836886301424,1.4331553436808,1.52900684808261,1.62490842583545,1.73082017102446,1.8156687427428,1.84593739639456,1.83194904969042,1.79500888328915,1.74845036350042,1.69928335107429,1.64796753846865,1.59683723782536,1.54778253414246,0
"231",1.67348676678581,2.06139342618996,2.31493570969956,2.48915292434754,2.52689557007709,2.46431179802324,2.35799664868224,2.24117040493885,2.12868891217217,2.01893652853409,1.91094729652431,1.82363283058971,1.74702458354302,0,0
"232",1.34836886301424,1.56288040527421,1.8082374138955,1.99573090252977,2.10848263493127,2.13214894520983,2.09420373509691,2.02585937020556,1.94890285585948,1.86880139729464,1.79038800663568,1.72548080024469,1.66828344048081,1.61232225903358,0
"233",1,1.2953781978516,1.51407459602042,1.71448540828114,1.85880351219199,1.91844282446677,1.91073582519388,1.87072970579958,1.81290507791451,1.75504661053668,1.69880291333931,1.63884139797611,1.58618482179512,0,0
"234",1.88071296623518,2.4715563724901,2.82976330274412,2.93351444496624,2.85981568614723,2.70915503834718,2.53695732839636,2.38062301149252,2.23923797867753,2.11672981937068,2.00856677762909,1.90945988796001,1.82804310048468,0,0
"235",1.56099495215894,1.8585180239525,2.14286422848264,2.33938172628722,2.40061913860454,2.35908602501632,2.27022091910602,2.16524170565023,2.06396913595059,1.96698175050413,1.8725043476837,1.79293468277513,1.72687559500837,1.66511275829073,1.61613242949004
"236",1.50389136610246,1.79048331563257,2.0146143016351,2.18472631844988,2.27351099487888,2.27251998727018,2.2131493927246,2.12864899748154,2.03225619515002,1.94074219356955,1.84685103478213,1.77422830603108,0,0,0
"237",1.58642437571285,1.89630330055284,2.11702104014083,2.28509596954109,2.36218479232779,2.34114767624978,2.26431795126483,2.16805847633098,2.06450437646827,1.96871849937347,1.87617834078039,0,0,0,0
"238",1.34836886301424,1.60207725273103,1.78117737023045,1.94396552773456,2.05756164867408,2.09566692876621,2.07226403687609,2.01498525409112,1.94343548625341,1.87021317484549,1.7994761074385,1.73746100886242,0,0,0
"239",1.93533207298826,2.62618036382398,2.98132960799581,3.0591677811365,2.9457119932078,2.76580665737421,2.57639970511326,2.40395584073364,2.24166079838326,2.10808554177692,1.9923190320802,0,0,0,0
"240",1.77544437079358,2.2244595915923,2.51017560747143,2.66627190045864,2.6670611385955,2.57104886810161,2.44031167603623,2.3090366108737,2.16786696945343,2.05362266524548,1.9410208208594,1.84448031748973,0,0,0
"241",1.71049589656829,2.05137108100831,2.34381293860283,2.51771110435514,2.54989587982839,2.47948800493338,2.36547783993175,2.24178095588451,2.12135105720667,2.01437763172275,1.91098446199195,1.81811767986817,0,0,0
"242",1.93533207298826,2.55014822067706,2.89076676766486,2.98872907064768,2.90480886470637,2.74169107345066,2.56265236490312,2.38872784629122,2.23287339501087,2.10381514182029,1.99157260410856,1.88877860893797,0,0,0
"243",1.80436728744931,2.21070395316978,2.47879114142255,2.62315215290115,2.63925581000859,2.55784394654076,2.43479372677449,2.30492127614485,2.18107949258324,2.06746083145867,1.96702394706895,1.87631668866037,0,0,0
"244",1.29363316546299,1.2571516829678,1.40394510374151,1.55853279078753,1.69594241751884,1.78117474209245,1.81040668077695,1.79598402317071,1.75867106965012,1.71108567373009,1.6592032114799,1.60843928694366,1.56426611943526,1.52638576397488,1.49352861865335
"245",1.77544437079358,2.30016524783487,2.63007571273578,2.77416604827175,2.74771223976179,2.61808105031987,2.46070851215046,2.31607120558627,2.17658699022406,2.05406163648971,1.9483555537488,1.86405378456999,1.78295334569734,0,0
"246",1.56099495215894,1.99501798685902,2.3277740883961,2.50843961941731,2.53434187980025,2.45864804164847,2.34753252584003,2.22372081278207,2.11180221958323,2.00837970690341,1.91659941868904,1.8374630572236,1.76395210084858,1.7046279020486,1.64874215959019
"247",2.18938976642761,2.86734946799679,3.19492507036869,3.22835153918791,3.08254418179538,2.86836281982663,2.66099236505884,2.47531243409561,2.31483488617768,2.17658320282122,2.0589301164497,1.95709796369483,1.86544777963501,0,0
"248",2.11185205567402,2.62077642952884,2.96876246096235,3.04899346100576,2.9479402830492,2.77687627915015,2.5960745640973,2.42609770892747,2.27597651146777,2.14070278227834,2.01633617372795,1.91044712794116,0,0,0
"249",1.76017160979655,2.28452083769477,2.60974461271311,2.76109431509137,2.72947208228707,2.60613841590681,2.45738992519589,2.31468206843144,2.1804867054091,2.06143333821863,1.95476424092442,1.869712818665,1.797398075381,0,0
"250",1.43531353035095,1.60765201525928,1.77286675019062,1.9389667910756,2.05708452776591,2.09448121391445,2.06637801013338,2.00565867402268,1.93159932440142,1.8607697334674,1.79046064886467,1.7120086363241,1.65183964301286,1.60114465225513,0
"251",1,1.28052069839412,1.55165843029021,1.7574562287538,1.89733556477766,1.94946446373292,1.93734040691037,1.89105264030054,1.83178746750314,1.77197205688479,1.70873537124127,1.64768422413255,1.59967641640283,1.55035087731593,0
"252",1.13737995650662,1.3766744228778,1.61828615534167,1.83346505377777,1.96591107309499,2.00660110962169,1.98326280184322,1.93100845938442,1.8638668417356,1.79917041612597,1.73533561902001,1.67346172871856,1.61976331967884,1.57210663062994,1.52827628656683
"253",1.85676918569976,2.3393663148374,2.63618825860812,2.77191411681691,2.75380969797372,2.6383989568481,2.48832648701291,2.3367100741746,2.19566737235612,2.06677100306625,1.956497675391,1.86704628781847,1.78561104963946,0,0
"254",2.0903675814466,2.68943409554926,3.02797047840487,3.10015486661969,2.98906565032219,2.80147565132796,2.60966913109504,2.43152959100194,2.27994615886411,2.1334488160812,2.00289742904158,1.89869056807068,0,0,0
"255",1.43531353035095,1.70638911502697,1.93346728622938,2.11980932392776,2.21910070769412,2.22270664106571,2.1656520629933,2.08420207761297,1.99715775863334,1.91286601180116,1.82251947530117,1.75092236214497,1.68667579692026,1.63482559947379,1.58536572722655
"256",1.65354853976121,2.00347619501418,2.248061195199,2.42191541992416,2.47669635100127,2.42610296875706,2.32432069461889,2.20962337279254,2.09443816836489,1.98183689156107,0,0,0,0,0
"257",1.43531353035095,1.74215512145266,2.00204229053028,2.19344083856301,2.28370531780971,2.2692036769396,2.19958094594872,2.10827456935243,2.0158715779903,1.92459136778459,1.83275745850294,1.75777541535493,1.69280499302529,1.64313853069652,1.59292212144574
"258",1.76017160979655,2.208142407111,2.48544623783044,2.63920681010613,2.65163802249991,2.56114241571788,2.427572758384,2.29704166077929,2.16552506733414,2.04604821704712,1.93445727066874,1.84433300908231,1.765431270838,1.70367978663966,0
"259",1.53360771877001,1.91326493277805,2.22196965815088,2.40927161487341,2.46057052074421,2.40545811582197,2.30119057840739,2.18894071243344,2.07472679445487,1.96790750785717,1.86662563103993,1.77912584716563,1.70739798370835,1.64757722503353,0
"260",1.50389136610246,1.88655755113312,2.15185936880018,2.34292926890772,2.4076645316384,2.36519613224595,2.27584969919046,2.17284028500851,2.06957307904254,1.96790071050963,1.87546392564797,0,0,0,0
"261",1.13737995650662,1.30627090631422,1.42863731880877,1.54707670583268,1.66805376607545,1.75830400440414,1.79368481111721,1.78690385273967,1.75494074722544,1.7116786685097,1.65973030037113,1.60762205248553,1.56220631715373,1.51990475545103,0
"262",1.47135243346982,1.8412585472169,2.10328327386935,2.29706968710484,2.36927405278111,2.33623566439403,2.25403239834343,2.14994699107154,2.04684989020266,1.95145959159304,1.86561373389154,1.78366174612296,1.71143971347799,1.65121705272253,0
"263",1.6101828400782,1.88769237847642,2.09938261396115,2.26307541094511,2.3434317133662,2.3274343060754,2.25490319340401,2.16555058504727,2.06332310721831,1.96500062136064,1.87293022676059,1.79734229570626,1.73417147354753,1.671677775882,0
"264",1.6101828400782,1.91234295340975,2.11177596800406,2.25983296703054,2.33863676562596,2.3305757851709,2.26112957583995,2.16676808566426,2.06984407154716,1.97334700263268,1.89090760896771,1.80597272372405,1.7313093457004,1.66910258015901,1.61650792911958
"265",1.43531353035095,1.64826777994532,1.82157655611962,1.98110098630779,2.09530948142175,2.12805967404418,2.09419720853164,2.0300753138937,1.95064514914366,1.87403005410065,1.8014092024966,1.73000406164448,0,0,0
"266",1.83138968861584,2.23844319111504,2.50249478867638,2.65051663859304,2.66231481837448,2.57263971061739,2.44277832028861,2.30825717467885,2.17984691089727,2.05093167362728,1.93868920472633,0,0,0,0
"267",1.47135243346982,1.90680835159846,2.2047670162402,2.38885478520054,2.44387986270253,2.39490524969935,2.29599350915414,2.18566990512161,2.08056772656269,1.97740252087159,1.8870357411195,1.79707527950806,0,0,0
"268",1.6101828400782,1.96407719394812,2.26646436178818,2.44416328785092,2.48960183327717,2.43310439314343,2.32581563643419,2.214432028456,2.10642026981796,1.99972690851075,1.90324894317832,1.81132314263545,1.74063849878146,0,0
"269",1.69243478358413,2.01667122464876,2.26019216980772,2.42182926984422,2.47692221104453,2.43221222900139,2.33573058423565,2.22446556017966,2.11135636065708,2.00654275698177,1.90699804850528,1.82015366146899,0,0,0
"270",1.43531353035095,1.65965076490891,1.84463509367967,2.02482399540582,2.13485678774864,2.15690008647163,2.11617966806301,2.04914943652366,1.96844239702667,1.89034129533743,1.81198250787028,1.74586523659237,1.68800370330404,0,0
"271",1.56099495215894,1.9991564188987,2.31469007580386,2.49418988635456,2.52689519111179,2.45562711275506,2.34482642087389,2.22070131030093,2.10064354805529,1.99269596812205,1.90040977085737,1.81758488357075,1.74622538085134,1.68252015946179,0
"272",1.43531353035095,1.60765201525928,1.68396441710793,1.79891993844697,1.90891341303658,1.97384752278638,1.97966848782128,1.94332941252783,1.88609933868126,1.82143898364764,1.7570355389002,1.69693805760278,1.63833310246888,0,0
"273",1.34836886301424,1.36846276158841,1.49984228924914,1.65667492683462,1.78828581293798,1.86494506357048,1.87906099786373,1.85489223978469,1.80997885700259,1.75572637161541,1.69993761475717,1.6459706475986,1.59813154221133,0,0
"274",1.86890919007765,2.31824507400252,2.64740494990591,2.78651322401487,2.75794736587834,2.63311434855789,2.48208755462584,2.32799099267862,2.18904882788923,2.05235428813987,1.93992186421969,1.85244031935161,1.77263629608122,1.70625915677039,0
"275",1.39480598953532,1.73776689554366,1.93787191651709,2.11564018666638,2.21881652472579,2.22147158034867,2.16536841179481,2.08479982341574,1.99790697176994,1.91303885285793,1.82919952616,1.74617252657788,1.6882795854982,1.63035211468062,1.58129836876479
"276",1.39480598953532,1.54271984592308,1.54726846589713,1.63427800214208,1.72205582027112,1.80050844579796,1.83877627353043,1.83262180761348,1.79973999925211,1.75587142142031,1.70758728762715,1.65731002953409,1.60835242790597,1.56534555618995,1.52517827404335
"277",1.90339030602124,2.3199819986258,2.58518640545862,2.73391593714871,2.71965452243848,2.60984542128177,2.47450277833556,2.33685138241396,2.20590762068582,2.08957817546755,1.98957051209194,1.89616045268626,1.81145214010499,0,0
"278",1.72775759841212,2.13617516503073,2.45231053141994,2.62335162482314,2.62598014306128,2.52887120443942,2.39904895749814,2.26753487279812,2.13630556413805,2.01365549424847,1.91539730239341,1.82199277533999,0,0,0
"279",1.47135243346982,1.68164119999985,1.85442108986101,2.0197524633203,2.12759182595276,2.15384723051893,2.1180253785832,2.05052226841629,1.9739473383418,1.8955160449215,1.82242912308046,1.750842236366,1.68919800279393,0,0
"280",1.71049589656829,1.99096522716091,2.20592181888443,2.38893957942723,2.44781564248713,2.40267951555433,2.30543111441001,2.19935735470594,2.08913852099448,1.99122741217903,1.90262348861356,1.81629915824924,0,0,0
"281",1.29363316546299,1.43575535039573,1.62354684368992,1.78548206653749,1.91533328232526,1.97475975433377,1.96786194028513,1.9234145120041,1.86513696267608,1.80705961976939,1.74734668522167,1.69094756317537,1.63725750630411,1.5879484547673,0
"282",1.47135243346982,1.73068856761956,1.99353922406945,2.18168820078362,2.2694615119707,2.26503659794351,2.19929387803279,2.11002578346294,2.01682349694217,1.92027863185499,1.83700439175528,0,0,0,0
"283",1.79016191070981,2.27540041780728,2.59515806263283,2.73988472962755,2.72316596101113,2.60925409114579,2.46943599385641,2.3277820573602,2.19336855347839,2.06249385481743,1.95568605787992,1.86633134389157,0,0,0
"284",1.34836886301424,1.4490384322077,1.58227992333906,1.70859635023435,1.82221570422456,1.89632845625063,1.91194215214631,1.8866801361068,1.84344572544879,1.78900761061721,1.72996288012907,1.67789271364249,1.62125203137325,1.56985845980755,0
"285",1.79016191070981,2.11011060662532,2.37026812172924,2.52291853582962,2.55811093740428,2.49878943396105,2.39100507455929,2.26820694752813,2.14978691898055,2.0397179745155,1.94281483192554,1.85916003193433,1.78328514534663,0,0
"286",1.39480598953532,1.73246200447209,2.00021887135303,2.19044655674674,2.28017259863079,2.26976032948195,2.19689578968837,2.10407661116293,2.01113026170182,1.92296884989667,1.8417495596458,1.76796897808155,0,0,0
"287",1.39480598953532,1.62827614492447,1.81553962632153,1.96956838875512,2.08219954157152,2.11783354388843,2.08973588905683,2.02906664628343,1.95865436295344,1.88502699589227,1.81028397463465,1.7378699485242,1.67940345561451,0,0
"288",1.39480598953532,1.24836773583333,1.35063316906033,1.46662271944267,1.58145754505321,1.67553456085212,1.72461185887743,1.73019912594993,1.70932564669364,1.6764914935714,1.63337258035186,1.59216078103174,1.54656300015948,1.50225309768559,0
"289",1.9249414005432,2.49927141300719,2.81849622741894,2.92660619007844,2.86512498519665,2.71560571729363,2.55138603235042,2.3886000360877,2.24801554906785,2.11939054862199,2.00508417274209,1.90060400006575,1.81539363158701,0,0
"290",1.69243478358413,2.10102219647415,2.38072848597356,2.54614293508045,2.57310249337295,2.49842544286646,2.38378262783625,2.25883554979673,2.13425579589087,2.02047875138546,1.91228534176433,0,0,0,0
"291",1.22633248595251,1.28459431558451,1.46037641564433,1.61932546088326,1.76869590296661,1.84518949364251,1.85368983291158,1.82405896663154,1.77688953584954,1.72580770999353,1.67669717675933,1.62773797799668,1.58168674669838,1.54110961790426,0
"292",1.43531353035095,1.68010742992555,1.89114081109275,2.06676052721469,2.17269137013077,2.18742893921881,2.14259244178765,2.06890500219273,1.98802802987046,1.89895021902778,1.81829250099823,1.73655928001861,0,0,0
"293",1.39480598953532,1.67802818086468,1.93719160403128,2.13652370853429,2.23499974776633,2.22931192013706,2.16408744346328,2.07881841410117,1.98818227649847,1.89741646873931,1.80902172901098,1.72838470897735,0,0,0
"294",1.56099495215894,1.34565686845601,1.29025972753998,1.32888813945768,1.40280750407415,1.47140427942541,1.53907892653909,1.58052137470837,1.59240116559707,1.5829174810817,1.56034429154187,1.53439283037059,1.50313955419401,1.47152784307815,1.44101153506662
"295",1.22633248595251,1.54002889597002,1.78370814011818,1.99309607006189,2.10764452679225,2.12544069891483,2.0819495523159,2.01115435422005,1.93404864408575,1.85637819580648,1.78320086769295,1.70559992932636,1.64177831233378,0,0
"296",1.71049589656829,2.12772156625298,2.43324806779799,2.59616381058959,2.61147188097318,2.52895868563707,2.40570070073982,2.27728768635143,2.15207410672595,2.03449145577463,1.93825097893531,1.8476714929847,0,0,0
"297",1.47135243346982,1.82344497711643,2.06231485685505,2.24352072304222,2.32647279554484,2.309567221992,2.23529735845555,2.14004992854009,2.03634676482515,1.93820512850592,1.84463778347446,1.76829059182895,1.70482405634593,1.64525894489903,0
"298",1.56099495215894,1.8585180239525,2.08616493020533,2.26545408127319,2.34590857606486,2.32313791915599,2.24531422023462,2.14909784173772,2.052794516408,1.95729798489311,1.86944131297814,1.78703942679438,1.71895886190428,0,0
"299",1.53360771877001,1.8104728017911,2.06349103242463,2.2349261003795,2.3168103205103,2.30534119835572,2.23937998010858,2.14812690720911,2.04928044074269,1.95551624766502,1.87132135268532,1.78325677586073,1.7215482196261,1.66793452781889,1.61544736265423
"300",1.56099495215894,1.61323340477326,1.71492959090971,1.83915460506383,1.95642280158239,2.01317304163712,2.00784866520036,1.96455604271252,1.90553105043078,1.83876261946532,1.77030895261759,1.69938420375109,1.64052596590662,1.58727034155452,0
"301",1.22633248595251,1.3602317763597,1.58794382510584,1.77440845476801,1.90567077859179,1.96365005570055,1.95511003188613,1.91481959939707,1.85506788140384,1.79495321860689,1.73472083084233,1.6796659625115,1.62533879393495,1.57926944179718,1.53480327605737
"302",1.47135243346982,1.76113895063989,2.00740386809196,2.18649837953065,2.27845765375354,2.27135026170558,2.20336273272631,2.11507665902696,2.02088199582734,1.93716554593109,1.83987834268736,0,0,0,0
"303",1.22633248595251,1.42453524761725,1.51411637810635,1.64375423392951,1.76116393211342,1.83994061918631,1.86616703093469,1.85053106858262,1.81297948757184,1.76380079976871,1.71118156705428,1.66330209663042,1.6123872024374,1.56752079318735,0
"304",1.76017160979655,2.1302100862587,2.41406022480335,2.57235751905904,2.59828713213343,2.51856795110544,2.39834009154509,2.26645014906823,2.13457228583438,2.02075112944431,1.91252165036519,1.82827520234022,1.75115389265902,1.6869518736009,0
"305",1.43531353035095,1.5509128972257,1.71863451355817,1.88836871971066,2.01021365755519,2.05379357268026,2.03477322079446,1.98226300640642,1.91888037460291,1.85073676149002,1.78351867286904,1.71630721174456,1.65134661171831,0,0
"306",1.91429882024038,2.46249542845866,2.78182838021441,2.89754679549192,2.84379121626689,2.70081079481028,2.53485934283526,2.3646273939418,2.2125879296795,2.07607089736085,1.97777824728724,1.88817012350549,0,0,0
"307",1.47135243346982,1.91654290325613,2.17082889276151,2.34561919467358,2.41055322273787,2.37741063493105,2.28925023599573,2.18617260061294,2.08161691995148,1.98004780701779,1.88390313217357,0,0,0,0
"308",1.43531353035095,1.42667491921312,1.47555994397217,1.55719883549896,1.64503361006281,1.72551566732886,1.77270663828538,1.77990072257633,1.75747420090586,1.72100831758621,1.67730683753003,1.62958975351456,1.58537801650987,1.54299990912852,1.50652913627701
"309",1.6101828400782,1.91234295340975,2.1389128992298,2.31859378380119,2.38938365956433,2.35930174021711,2.27286483952156,2.17185562467592,2.07307594864455,1.98294894401963,1.8953713056534,1.80440159103967,0,0,0
"310",1.67348676678581,2.16287437676861,2.47516387850265,2.6385917176143,2.64083477068015,2.54644563880243,2.41351034765063,2.27968070409501,2.15253463887007,2.03175003926905,1.92608638005362,0,0,0,0
"311",1.50389136610246,1.87043399877308,2.16459663620709,2.35840780337455,2.41850448297054,2.37238023563597,2.27741433058222,2.17248700144247,2.06862975067606,1.97229451212291,1.87713994221835,1.79703147230147,1.72334859486108,0,0
"312",1.6101828400782,1.92875628302362,2.20040147399661,2.39039288088872,2.44508765553134,2.39693980580354,2.30031140033191,2.1895049395533,2.07774251111261,1.97496134577,1.88163123740626,1.79779299335633,1.72856184243117,0,0
"313",1.63249684072392,2.11630319689819,2.45072762465939,2.61805516262513,2.61943021268103,2.52792781614902,2.3981461242896,2.26862619590801,2.14420021487909,2.03022299623285,1.92073756401438,0,0,0,0
"314",1.63249684072392,1.93566821849633,2.11239358115758,2.28303537455046,2.35841183781242,2.3428859008564,2.26573989678639,2.16857469875454,2.06850558873609,1.96381218474021,1.87514383862483,1.78661891129493,0,0,0
"315",1.77544437079358,2.24459988603522,2.55275918753822,2.70762674690599,2.69538751582381,2.58890286613925,2.44756028063796,2.30749520839255,2.17723553529913,2.06256258298003,1.95574579606803,0,0,0,0
"316",1.67348676678581,2.00853590190635,2.26279824542184,2.42561936397217,2.47711829490749,2.43109378946197,2.33698468347088,2.22419114616649,2.11749028588577,2.01329683390314,1.92661035316745,1.84484151490072,1.77052848054718,1.71535055606562,0
"317",1.88071296623518,2.45465498760284,2.75230897348651,2.8709309954631,2.82634020330113,2.69147206460177,2.53448400098026,2.37769312921153,2.23180329804861,2.09532367424959,1.98420280075474,1.88806973980329,1.80902008257237,0,0
"318",1.47135243346982,1.84747301096575,2.10607464602952,2.30150998091879,2.37149103454141,2.33831999893094,2.25367658693265,2.15541479757805,2.05666858176974,1.95674250969027,1.87493294332099,1.80460618370283,1.73920697999428,0,0
"319",1.50389136610246,1.78345837766167,1.94382391423496,2.0988611890599,2.19907503379812,2.21523752193548,2.16682893152768,2.09069064302612,2.00685875152962,1.92561699581622,1.84681314084692,1.77021541728457,1.70392665784534,0,0
"320",1.83138968861584,2.12559726644729,2.32142394906883,2.46438385818865,2.51724172255987,2.46670743491267,2.36487794841588,2.25025391581786,2.1370627772768,2.02793619125562,1.92562756314432,1.84216503445061,1.76350419312822,1.69805360778948,1.64278010461144
"321",1.74429468047285,2.08470924348437,2.37989112130195,2.55469074470626,2.57721594737097,2.49571512105441,2.3794657611412,2.25291140751889,2.13030900612127,2.01577744040341,1.91905153566293,1.83077069175615,0,0,0
"322",1.34836886301424,1.4631943557559,1.48705450689359,1.5847528725157,1.6920847829418,1.77498158719408,1.81299102975833,1.80887154675114,1.77869108568308,1.73559845225246,1.69033692466089,1.64685944756149,1.60249886765523,1.55646165560334,0
"323",2.05225118692106,2.54475586482654,2.84652096472423,2.95176037855414,2.88868909176263,2.73751597092239,2.56682028493,2.39810434640888,2.25171933255793,2.11468079806011,2.00518920983126,1.90649577781213,1.82061870996819,1.7573522498176,1.69992072959243
"324",1.76017160979655,2.11156946705148,2.34119463193832,2.50511174124232,2.54446751565248,2.47986808544693,2.37323134459834,2.25745543552592,2.14571568950314,2.04275764716639,1.94546865880919,1.8483814655595,1.77985334559812,1.71666603607533,1.66299703883377
"325",1.53360771877001,1.9033553158728,2.14116662562871,2.3091763192931,2.38218425338153,2.35623849610142,2.27668727592451,2.17728612829953,2.07137291029131,1.9727027597893,1.87965861172015,1.79605316956835,0,0,0
"326",1.56099495215894,1.94545699868591,2.23649346921494,2.41662200885921,2.46914227795097,2.41530291701823,2.31541859287294,2.20209926919489,2.09186610780457,1.99113613158332,1.90150973603198,1.82735912605398,1.75955991202301,0,0
"327",1.56099495215894,1.74313456918717,1.9419185754421,2.12168611506768,2.22183275314471,2.22766803646677,2.17115392963863,2.08954324008523,2.00199764998445,1.90939875149399,1.82219330412168,1.74530739391594,1.68165263546185,0,0
"328",1.72775759841212,2.21540692610945,2.5077409647214,2.65465149354698,2.66116483028783,2.56976730315527,2.44122091902327,2.30268470589376,2.17092098520148,2.05793895181338,1.95397458705228,1.86150300692906,0,0,0
"329",1,1.28568791240243,1.49592372036071,1.65866636001385,1.80647541692209,1.87590453063444,1.87838287559615,1.84496228438174,1.79575004558905,1.73707908463465,1.68338006251995,1.63212409517711,1.58766735978096,0,0
"330",1.77544437079358,2.24671826307386,2.55107963169183,2.69841926131409,2.69311095393131,2.59112477055046,2.45287651141813,2.31194978412766,2.1775355524544,2.05487540706708,1.95314420296301,1.86077276150616,1.78472151900829,1.72104796020059,0
"331",1.39480598953532,1.46587406011205,1.58108002349347,1.67292041258834,1.76950565307746,1.84555352883664,1.87561661760579,1.86330516743587,1.82705837736543,1.78048182368027,1.72905613451045,1.6804161428895,1.62916397881373,1.57700769531751,0
"332",1.22633248595251,1.68228850895886,1.99085471276375,2.19411263289156,2.27825937281094,2.26061962984339,2.18982532902467,2.10037505275762,2.00823540594792,1.92297210900287,1.84063369204531,1.76474718759012,1.69458095041598,1.63603088737408,0
"333",1.58642437571285,1.85540568922527,2.10506928393109,2.28366745849992,2.35842740068245,2.33622571432433,2.25603841265063,2.15742254610459,2.06158722099638,1.96839146512954,1.88588301500689,1.80475620291635,1.73934123476898,0,0
"334",1.29363316546299,1.2571516829678,1.3611671635243,1.45494064723162,1.56531870962985,1.65746332865604,1.71048061116677,1.72048096393195,1.70227389089126,1.67078896706545,1.63219266512517,1.59300207811698,1.54732181741922,0,0
"335",1.58642437571285,1.89061956189646,2.14350716250375,2.31183557709026,2.38306172836622,2.35733144684935,2.27786000646687,2.17911816370854,2.07495386496761,1.98525903016883,1.89521235685969,1.82177212862702,1.75726231957161,0,0
"336",1.29363316546299,1.58444956407981,1.81967617173064,2.00744185783723,2.11748294227355,2.14116326699028,2.10221120968967,2.03085957156263,1.9530314274893,1.87183926516779,1.79305569399277,1.72259745741065,1.66387946388312,1.60834941020947,0
"337",1.56099495215894,2.10184924025453,2.4512389483039,2.61818850347386,2.61951921202579,2.52419991423937,2.39633953042933,2.26007776885714,2.12831510118027,2.01260632296162,1.9122799068551,1.81925533424096,1.74313018866383,1.68358499411612,0
"338",1.76017160979655,2.13372964509911,2.40407820541768,2.56122635142451,2.58981522110269,2.51540946694563,2.39949168722648,2.27667706817491,2.15343810751567,2.03698085047138,1.92659738543723,1.83741466339357,1.76390896146932,0,0
"339",1.22633248595251,1.32831327367859,1.4553847412354,1.57246980925831,1.68279669907327,1.76625466564757,1.80463621707088,1.80209061663232,1.77340793906051,1.73068031099589,1.68201919009953,1.6331906515868,1.5852648312075,0,0
"340",1.63249684072392,1.97782270894348,2.25337212167135,2.42855378019614,2.48006009097352,2.42674266316936,2.32382979342233,2.21366028445849,2.10174758053582,1.99823942451925,1.90525537570585,1.8186182427876,1.74714723754113,1.68334915563838,0
"341",1.9249414005432,2.53946110757625,2.88574483914238,2.98700366354061,2.90099098334875,2.73182950855992,2.55477585720564,2.38728816792114,2.24257692397532,2.11212502345046,2.00108460613073,1.90869969072058,0,0,0
"342",1.58642437571285,2.00040351474094,2.27937873779993,2.45097548377885,2.49702641501459,2.44228203735816,2.34159187428809,2.22632501630043,2.11178181993891,2.00229902109773,1.90047807453174,1.8176451851669,1.74896483123546,1.68884405082421,0
"343",1.58642437571285,2.00346358233025,2.32912223991181,2.51011085143388,2.5381876436891,2.46530705933289,2.35062018370143,2.22680094668257,2.10642618816769,1.99378031850253,1.88236654614547,0,0,0,0
"344",1.43531353035095,1.64223130958864,1.84764324208689,2.0318099554589,2.14324947384144,2.16123201807911,2.11537793041528,2.04378411936766,1.96575214459981,1.88721964153166,1.8048580114065,1.73695692856501,1.67418015669182,0,0
"345",1.22633248595251,1.38551693311189,1.52548643158817,1.67524085169556,1.80808734567786,1.88223946775134,1.89386202142911,1.86609974029093,1.81927035931911,1.76240522996697,1.7085266010268,1.6495830373998,1.60495964647716,0,0
"346",1.39480598953532,1.65296498977231,1.90928906172663,2.09675048021525,2.19872604859494,2.20523559796633,2.15180549975548,2.07576720628672,1.99185678346246,1.90563736466913,1.82416115818718,1.75016363347461,1.68157365353661,0,0
"347",2.07548775546522,2.73239725171368,3.06417691770602,3.12550158157386,3.00616779034708,2.81805357072161,2.62033874527335,2.44166874209936,2.28161808503243,2.14397523106903,2.02338933499638,1.92246345014131,1.83960018162259,1.77039058366917,1.71518836467807
"348",1.47135243346982,1.67574419855851,1.88829093129103,2.08744693237993,2.1905701221349,2.19637298375334,2.14440098474465,2.06684589084268,1.98330820940008,1.89931191163967,1.81986315288244,1.74856656576256,0,0,0
"349",1.43531353035095,1.72882030002439,1.86357300851272,1.97385224184719,2.08081944670425,2.12010372676489,2.09780099730055,2.04082643394919,1.9694750037231,1.8960809509935,1.82653219609029,1.76297358949958,0,0,0
"350",1.97461952511116,2.53891627611798,2.89243700862031,2.98956079018307,2.90298875774467,2.7376198696277,2.55364303375997,2.38942587752671,2.23090451015983,2.09168907629539,1.9810475479396,1.88866123493434,1.81430641445086,0,0
"351",1.65354853976121,1.6763865685085,1.8325657922053,1.96909849686682,2.07725366957053,2.11586400023089,2.09194697366579,2.03391815084552,1.96359201485845,1.88815619861574,1.81995037119276,1.75772698081187,1.68832048202463,1.63038897506762,0
"352",1.83138968861584,2.39490179081812,2.70491983029279,2.83600945367545,2.79512021597186,2.6655108763662,2.51081671753003,2.35514411427475,2.21538252949269,2.08731815716904,1.97019492438029,0,0,0,0
"353",1.47135243346982,1.69806946286271,1.88113114033133,2.05728194557574,2.16420407782401,2.18046796482294,2.13678598073383,2.06092050582413,1.9786161927241,1.89922115268637,1.8227754650453,1.74051101550717,1.6773608719338,1.62639737577987,0
"354",1.6101828400782,2.09490248916706,2.41668850598979,2.59863294088832,2.60109231851216,2.50472767521154,2.37981338049269,2.2465230554778,2.1268481927258,2.02067458765829,1.92151662231771,1.82736526421672,1.75494893293969,1.6903638042542,0
"355",1.88071296623518,2.30151808661717,2.58287948110992,2.72430382205442,2.71675479360971,2.61555388620639,2.47895998596935,2.33645541335505,2.19955454398778,2.07659933961161,1.96502460193813,1.87455617604587,0,0,0
"356",1.50389136610246,1.92279742219617,2.20396932357598,2.38420922294287,2.44195426145633,2.39654307252917,2.29874385572736,2.19255226496188,2.08169003607264,1.97634421387805,1.87395994390649,1.79422117588952,0,0,0
"357",1.6101828400782,1.97241019828395,2.21769319669252,2.37769234584002,2.43971261812566,2.40381695122649,2.31614131294747,2.21016543557681,2.10496439719211,2.00436305432378,1.91308545353419,1.83108671808066,1.75365432289221,1.68919994052813,1.63474866499319
"358",1.76017160979655,2.26120263073314,2.58998044603861,2.73850812809213,2.71623856604394,2.59888600811446,2.45873205046162,2.31736100093623,2.18336986816623,2.05819197281987,1.95419480474953,0,0,0,0
"359",2.06786889606778,2.61823181355971,2.92748120112913,3.01469074118115,2.93453351362314,2.77287974831308,2.59263826516872,2.42582393409251,2.26281139325347,2.12615988697758,1.99662387646838,1.90816968965371,1.82689611437579,1.75495611954863,1.69433632020623
"360",1.29363316546299,1.37647750388894,1.53685842003253,1.687424324944,1.82007604065667,1.89310688868717,1.90271343486164,1.87300453226574,1.82253580431013,1.76655774127766,1.70844494550555,1.64449218257499,1.59544864515009,0,0
"361",1.43531353035095,1.67524816306706,1.78870280638759,1.92460915816163,2.02915780434304,2.07821047715007,2.06362555438587,2.01282064853013,1.94416272480883,1.87391431468104,1.80398247724037,1.73617913364182,1.66909338971203,0,0
"362",1.76017160979655,2.18002885427045,2.48068648261019,2.64429785321591,2.64708364936304,2.55197021838247,2.41996393860176,2.2882612874247,2.1614050712156,2.05190040409249,1.95344888386129,1.87004952385123,1.79298212049724,1.72453056041053,1.66678262258143
"363",1.53360771877001,1.9557539523209,2.28278513477082,2.47175932783278,2.50509301640676,2.43560603759877,2.32302314620829,2.2033108298088,2.09130651655849,1.98758289718767,1.89943109588808,1.82080467159002,1.74909762088386,1.68896372718385,1.63453435247636
"364",1.65354853976121,2.00972690366016,2.2877986346853,2.45734298160233,2.50258113132471,2.44635761812472,2.34431985721292,2.23366064840438,2.12316958686606,2.01674633458745,1.92391707710196,1.84393796516451,1.77587987071951,1.71308885284097,0
"365",1.76017160979655,1.89507123241512,2.05176887614452,2.18694957859695,2.27204628180791,2.27992646306496,2.2256075983219,2.14086084393803,2.05104091324088,1.96538923391645,1.88324615869425,1.80242676296867,1.73269855217297,1.67417950786196,0
"366",1.43531353035095,1.67022698700272,1.73515599178085,1.84564973745577,1.9423808921919,2.00512088838408,2.00725286041927,1.96536421783673,1.9051276357524,1.84037763117841,1.77492056405662,1.71754358272409,1.65934607060123,1.60793461007573,1.56090549443583
"367",1.43531353035095,1.59962751957422,1.79036600664969,1.96222909893866,2.07520710906809,2.1092356513048,2.08049664459321,2.02053349206381,1.94747695470417,1.87681815966931,1.80305625859504,1.73146410503713,0,0,0
"368",1.84427083759494,2.33640796338033,2.66163808083856,2.79914503899516,2.76401594502059,2.63879194409714,2.49004814494564,2.33846961923708,2.19933586615267,2.06990997875135,1.96439114457631,1.87066137420026,0,0,0
"369",1.83138968861584,2.31413805853228,2.61748013620162,2.76130771357094,2.73866024505947,2.62307069172275,2.47977073812045,2.33258302919856,2.19501805887186,2.0698678772546,1.96912311454754,1.88238689720028,1.79923059527809,1.73013917172172,0
"370",1.65354853976121,2.12144172722616,2.4314581234818,2.59357751645346,2.60707101526901,2.52064516031431,2.39762348646108,2.26751210519027,2.1442481402548,2.03569749847366,1.93642825844788,1.84606755183999,1.76697296142165,1.70506832702045,0
"371",1.6101828400782,1.7730457338264,1.99499035256149,2.15518022508686,2.25315653762621,2.25350319099812,2.19605415294917,2.111955620834,2.01535077311982,1.92545368786584,1.84007811359182,1.76425548390662,1.69414251773223,1.6393832345499,0
"372",1.34836886301424,1.58101404013273,1.77116474344508,1.95145430415391,2.06942821139932,2.10219755984726,2.07069995172441,2.01016550631668,1.93766723077143,1.86345471781418,1.79415273277817,1.71526712493468,1.65041735112826,1.59985788304201,0
"373",1.6101828400782,1.96619750907416,2.23075934045181,2.40749010817746,2.46480290567964,2.41249980011728,2.3141203683316,2.20325769690092,2.09530855887977,1.98693170505825,1.90064744559325,1.81779471293859,1.74909843166926,0,0
"374",1.50389136610246,1.72819313322624,1.92629587867157,2.08322444550446,2.18207433605825,2.20115781567609,2.15741356904641,2.08408700434294,2.00202266279493,1.92264130800886,1.84693584420469,1.77256403938136,0,0,0
"375",1.43531353035095,1.90751630487687,2.22741747780749,2.41958601886216,2.46413686344316,2.40572632348015,2.30073887444019,2.1854347934038,2.07472608973245,1.97138563125562,1.87850815838163,1.78957762230818,0,0,0
"376",1.83138968861584,2.29474364695978,2.61986603430996,2.7641111695928,2.73869511049023,2.61669269659556,2.46755679590321,2.32061690676008,2.19407572440237,2.06309836886508,1.9492290427442,0,0,0,0
"377",1.81809859074631,2.20058794607866,2.45082487021678,2.6125543218328,2.62974528738838,2.54408132027888,2.41912708500803,2.28487759622477,2.16210938778831,2.05110716829857,1.93192082094103,1.84210063864739,1.76344695026017,1.70417228014851,1.65164774152552
"378",1.83138968861584,2.49636559486024,2.85488627389848,2.95196861877529,2.87029681959684,2.71422696060575,2.54341782657132,2.37743633232612,2.23484970889388,2.10398592034431,1.9940148628845,0,0,0,0
"379",1.58642437571285,1.82414687016589,1.97308766160464,2.1093167115495,2.20260731525489,2.22306596868785,2.18004202748539,2.10763335472976,2.02130783571603,1.93339789943947,1.85698627055569,1.78585345258384,1.71789952962316,1.65703332758807,1.60877965419175
"380",1.34836886301424,1.62470211108677,1.781290697026,1.94932670360179,2.06362180559809,2.10130387869735,2.07559822197404,2.01382762411754,1.93848253016874,1.8652249841295,1.78866875830532,1.71870673644292,1.65349030219633,1.59897451533217,1.55274966988317
"381",1.39480598953532,1.81952729146848,2.12184721006842,2.31860364831186,2.38112067726394,2.34403135478497,2.25711999862045,2.15604555933267,2.05245110761789,1.95481101326951,1.8657795044177,1.77838140618845,1.70673457651969,0,0
"382",1.84427083759494,2.35756184025861,2.68450663395193,2.81596749529208,2.78038745133124,2.65363536325207,2.49815644959434,2.34878332909754,2.20999681684012,2.08421113627798,1.97455439011197,1.87959342643527,1.79675111640086,1.72791375493324,1.66984797002579
"383",1.22633248595251,1.43267061891174,1.63547225480539,1.81285753270677,1.94810940816268,1.99755055193136,1.98180430362277,1.93272988705626,1.87035741675526,1.80338621970805,1.73648364577215,1.67612685952827,1.62392820633873,0,0
"384",1.34836886301424,1.60689355136424,1.81153566190106,1.97552802394273,2.08392036910385,2.12022070186623,2.09092715936724,2.03173583600073,1.96084914486305,1.88852998258021,1.81687600997368,1.74763038485301,1.68373092743706,1.62625199863917,0
"385",1.50389136610246,1.80367687437779,2.05975954002449,2.2493213887612,2.33148433318479,2.30932131337308,2.23111109034266,2.13424642249012,2.03180118926793,1.93085830658341,1.82783871217559,1.75563900760665,1.69089442781377,0,0
"386",1.63249684072392,2.02421544603538,2.32126645142028,2.49039986534565,2.52942564120488,2.46459031463319,2.35321500496849,2.23493393987488,2.12138370684857,2.01733137592544,1.91639489226165,1.8396068380906,1.76586303529841,0,0
"387",1.29363316546299,1.44709479844958,1.65853356793314,1.82499349396512,1.956541665434,2.00733099889745,1.99242022831985,1.94273969794793,1.88212548588144,1.81739182585187,1.75345648916699,1.68958582701385,1.63174078743788,1.58507451086706,0
"388",1.71049589656829,2.19765879771608,2.52262028052108,2.67964811611083,2.6716929720012,2.56748838038231,2.42945444875087,2.29644599791956,2.16732237333221,2.0475919266574,1.93579511836397,1.83989603451344,1.76612080851776,1.7043008362336,0
"389",1.29363316546299,1.65018255563204,1.93639977633784,2.13872199743475,2.23201657788325,2.22812252646996,2.16677683064315,2.08483921846877,1.99596007964132,1.90659210861808,1.82183387422468,1.73968106471875,1.67919667322829,1.62805867081552,1.58425533044629
"390",1.53360771877001,1.71637691899689,1.88372136220933,2.03991744328808,2.14500987590069,2.16946063690518,2.13335568621752,2.06590761901029,1.98932271298833,1.90694344252698,1.82956815351277,1.75495169671354,0,0,0
"391",1.72775759841212,2.16629570005175,2.44040646107412,2.59496093198873,2.61278522551634,2.53525106450308,2.41667165297674,2.28507045246131,2.16227363162722,2.05196875196903,1.95759893097698,1.87371648675671,1.79624660258524,0,0
"392",1.29363316546299,1.40955336164702,1.53349370662592,1.66528879527592,1.78609617903235,1.8644605940117,1.88394056252407,1.86221152261107,1.82086136227851,1.76940070005938,1.71648301226944,1.66527810073546,1.6124067907545,1.56753856688117,0
"393",1.76017160979655,2.3664496102236,2.70861737175098,2.83993215140986,2.78469931276101,2.64833066705669,2.49572667886548,2.34807373385928,2.21166448595402,2.09130594701557,1.98901834038694,1.89807334700625,1.82424283391348,1.75659246622714,0
"394",1.65354853976121,1.86616034769107,2.07647957293311,2.23617822358339,2.31855677625468,2.31191266113429,2.24371319058593,2.15439194093198,2.05941773828011,1.96650827551509,1.88096130047092,1.8044552362877,1.74364659586126,1.68630641692564,0
"395",1.94548374844359,2.5559230915832,2.91584179875326,3.00610445844428,2.91023944830177,2.74330601483268,2.562396518962,2.3879880563526,2.23446639016684,2.09472486293662,0,0,0,0,0
"396",1.53360771877001,1.76088357800611,2.04648801130546,2.24265829407124,2.32033753742604,2.29784262311149,2.21794660964522,2.12739821887222,2.03088266311683,1.93612716674068,1.85217287541689,1.77894708146574,1.7117296422902,1.65147812951013,0
"397",1.65354853976121,1.93127333184798,2.17885754936069,2.35605253673593,2.42082580163133,2.3841658311983,2.29566913438603,2.19148608995387,2.07796269865889,1.9692730729372,1.87992308136555,1.7908218377063,1.71781824670977,0,0
"398",1.34836886301424,1.54934786301286,1.72442281885396,1.87532341205642,1.98913037285768,2.0394279153145,2.02866224710579,1.9823934115179,1.92185675714198,1.85483311969324,1.7896457677722,1.719573297965,1.6586160319586,1.60360032269352,1.55696061420025
"399",1.29363316546299,1.29993667826071,1.38857593364331,1.50503580705807,1.61824686129004,1.70950715337809,1.75467445086613,1.75659358117881,1.73125054707913,1.69411416298671,1.65131356122467,1.60872568246588,1.56452475291625,1.52200993118172,1.48257404691789
"400",1.76017160979655,2.20209501747215,2.52730237470193,2.68422206261506,2.67470910415628,2.57053108171515,2.43647531960698,2.29689425890325,2.16036043248186,2.04293267970774,1.94428167873904,1.85297750749964,1.77777786971043,0,0
"401",1.67348676678581,1.99680762117349,2.25250504297685,2.41341602341794,2.47016720547914,2.4250233865948,2.32881251123381,2.22366359825393,2.11627110170165,2.01078845320217,1.92440989293602,1.84289644292605,1.76415434843173,1.70252965139175,0
"402",1.81809859074631,2.34731153916578,2.66883635268159,2.80110511725732,2.76783116884234,2.64392465340776,2.49465600922789,2.34502488817714,2.20418683015367,2.07173975598483,1.95671180852841,0,0,0,0
"403",1.29363316546299,1.2571516829678,1.34630977134766,1.46250508204895,1.58672449111861,1.68304015359553,1.72896571429541,1.73079498453279,1.70589097539226,1.67033116603611,1.62955606176342,1.5854475783582,1.54455929349027,1.50387413292103,0
"404",1.34836886301424,1.50828591019483,1.66310309337452,1.79992447654414,1.91833473896761,1.97984863973039,1.98058656162172,1.94259215794863,1.88700305998802,1.82611703572262,1.76175814250301,1.69863370715325,1.63555081685543,1.58640346436208,0
"405",1.34836886301424,1.41503603799277,1.61780234519044,1.80456796823643,1.9356507339367,1.98783969997406,1.97630721206264,1.92896332520187,1.86916963151963,1.80543169872382,1.74451585202027,1.69036696224396,1.63495186264297,0,0
"406",1.58642437571285,1.84812602916708,2.06660998843467,2.22882140464724,2.31313376731158,2.30620557536294,2.23759850890246,2.14712736884522,2.04981972907466,1.95657005209926,1.87009175664983,1.79306817104769,1.71981900627682,0,0
"407",1.89220058193626,2.56057209408238,2.91632611779711,3.0095746125827,2.91031005444231,2.73698829402417,2.55021197816136,2.38178225512423,2.23374734992217,2.09933138193996,1.97351719515306,1.88203333474656,0,0,0
"408",1.84427083759494,2.25033909450161,2.55765297940201,2.70716240967124,2.69956666921397,2.59355273402591,2.45664218327052,2.31323452872265,2.17331451756129,2.04957302686201,1.93751190514851,0,0,0,0
"409",1.47135243346982,1.76456275811618,2.01941460006048,2.22126826086593,2.30479177731073,2.28188561153676,2.21060842549619,2.12066318584665,2.02783983945655,1.93497614277639,1.84841827016399,1.77163557497554,0,0,0
"410",1.39480598953532,1.68182734029659,1.93844507996657,2.13901477028552,2.23480861642008,2.2287164671905,2.16762922374434,2.08223605741516,1.99659458914263,1.90714310038557,1.81752062324747,1.74117573589057,1.67795570913553,1.62104520880701,1.57283415477726
"411",1.77544437079358,2.22327915364812,2.53763933981993,2.68673030879118,2.68107035756061,2.58088223844511,2.44697282131725,2.31277573604687,2.1910312847376,2.0793235967885,1.96738753323518,1.87663682771004,1.80161258315616,0,0
"412",1.43531353035095,1.76024648661492,2.03971706821427,2.22826485037417,2.31336615455116,2.29302203370822,2.21816626563591,2.12506577837594,2.02887859287173,1.93357103665638,1.84059453214039,1.77009745703923,1.70974857901546,0,0
"413",1.77544437079358,2.08452442987007,2.29842013161538,2.44872005308322,2.50079641728791,2.45500128905131,2.35702410511128,2.24759226952832,2.133543583925,2.02404256071699,1.92912395797638,1.8508830631079,1.77125252626699,0,0
"414",1.76017160979655,2.15978611944711,2.42965107091085,2.58751680051669,2.60892736577257,2.5311108499861,2.41019987073605,2.2812713832871,2.16056712178306,2.04539855901858,1.94895792346177,1.86275776952853,1.78648933949637,1.72263900759863,0
"415",1.22633248595251,1.54691692764199,1.82824532982412,2.0373877341858,2.14598112538646,2.15529163363265,2.10368723339221,2.02946943433607,1.94625618471067,1.86534757766003,1.7920708834037,1.72172410443996,0,0,0
"416",1.56099495215894,1.99220506306124,2.31241925787871,2.49210535867093,2.52529018938567,2.45421105638518,2.34085978977341,2.21606642741472,2.09008993872593,1.98737335486405,1.89029117143275,1.79993684468108,1.72593567277443,1.66426685799454,0
"417",1.22633248595251,1.42453524761725,1.56787185831756,1.69292331042658,1.80587195700379,1.88029282248543,1.90136297060011,1.88006606602879,1.83610367062499,1.78235928387058,1.72734245460551,1.67377130064165,1.61755386939811,0,0
"418",1.86890919007765,2.60855956883411,2.98054144209698,3.05434240251085,2.93386724645248,2.74995510909215,2.56052321685598,2.38477371168397,2.22224079904932,2.0972880848843,1.99006618861731,1.89899634696783,1.81873941454208,0,0
"419",1.50389136610246,1.9064908907043,2.11824449115089,2.28124896705841,2.35859884193552,2.34132958715985,2.2645208000934,2.16581920068764,2.06666033000373,1.9693131877643,1.88125364473084,1.79199180558235,0,0,0
"420",1.22633248595251,1.2544506828458,1.29740894812249,1.39788141402327,1.50067693338447,1.59723251792037,1.65803160079321,1.67461090686256,1.66218029501219,1.63448609562153,1.60089920531425,1.56247585211411,1.52543004481298,0,0
"421",1.86890919007765,2.36270996386851,2.66378406619312,2.79987201622208,2.77233273678938,2.64698773613791,2.49541276410291,2.34057746684633,2.2072978358057,2.08446347795901,1.97184499531975,1.87150181032213,1.78956752762317,1.72146508222831,0
"422",1.58642437571285,1.91230146267066,2.15424094628593,2.33146320103566,2.40011891834366,2.36790759906803,2.28346990861615,2.18126519373329,2.07710543686531,1.97441082933044,1.88441851836938,1.80896564490016,1.73397343263248,1.67532918157572,1.62542680796598
"423",1.58642437571285,1.71859593226762,1.85163848222984,1.98339133935641,2.09122635557977,2.13029218629351,2.10156126217403,2.03773225728078,1.96332087429382,1.88791917522956,1.81095417403088,1.74066358058486,0,0,0
"424",1.80436728744931,2.38345345261438,2.74201974240427,2.86594488837753,2.80893649501373,2.66480441410636,2.5000304172139,2.34216271734236,2.19948067968306,2.0677181260999,1.96022649682016,0,0,0,0
"425",1.56099495215894,1.87598437664343,2.11019543944293,2.27363067372635,2.35058062597481,2.33462915167075,2.25909179590448,2.16326683828156,2.06394839476945,1.96476333205324,1.87726905630648,1.79714556803626,1.72345019661209,1.66202985999384,0
"426",1.29363316546299,1.53230035691097,1.70634052452909,1.8606548636179,1.98074634986378,2.03391224623692,2.01856110761988,1.96905519597619,1.90423851877871,1.83222624595218,1.75963992682368,1.69508496111771,0,0,0
"427",1.69243478358413,2.1860806139638,2.51520574685556,2.67418333012502,2.66438031103984,2.56261871251437,2.42727966404866,2.29172089551101,2.16983424642707,2.05917377312962,1.95688897880911,1.86406575404481,1.78296397664188,0,0
"428",1.69243478358413,2.16239265544103,2.48138160401908,2.64131209847336,2.64455239120625,2.54771191423712,2.41775599557278,2.28065801472083,2.15161905311677,2.02677332744628,1.9177456859435,1.82405470683056,1.75469092260399,1.69013185567854,0
"429",1.84427083759494,2.21838426126609,2.46356330250673,2.61663000863573,2.63528835712621,2.55444973280211,2.4282114049286,2.29152497726248,2.16930512066134,2.05486113895821,1.94905070442268,1.86466768948191,1.79094027120272,1.72269752063346,0
"430",1.53360771877001,1.73458285069399,1.89997468828492,2.04595303524089,2.15076151410579,2.17688265651784,2.13750503470355,2.0668345327459,1.98942533049683,1.9074587032149,1.82430796587713,1.74186174435425,0,0,0
"431",1.43531353035095,1.77648088601174,2.0199721306415,2.21764965174617,2.30346775652579,2.28499726568998,2.20870878767513,2.11459029643232,2.01689965431963,1.92679890591754,1.84511187832693,1.76871010092057,0,0,0
"432",1.29363316546299,1.58835854752193,1.77297688457909,1.93280909424287,2.04661009499188,2.08826656457271,2.06532925625966,2.00927506854586,1.9408273150419,1.86760827425062,1.79199765825511,1.72165916519813,1.65612765352556,0,0
"433",1.39480598953532,1.39970455630421,1.59212464258093,1.76746841485758,1.89928903612552,1.95896018911425,1.95496770341167,1.91344129645093,1.85656026342189,1.79575297429303,1.73642537211012,1.67855568501315,1.6286140422293,0,0
"434",1.43531353035095,1.5509128972257,1.72942598345409,1.86508643360632,1.98155950959648,2.03401290602478,2.02389665507891,1.97674491359193,1.9130187795081,1.84937518111438,1.78339913535157,1.71098006237696,1.65091808624995,1.59665281253461,1.55558711904754
"435",1.63249684072392,1.97782270894348,2.23280986186555,2.43039942881944,2.475284641959,2.41198693016481,2.3049783655593,2.18967965647006,2.08161758699207,1.97920987433828,1.88534134921336,1.8010648716999,1.72694003978254,0,0
"436",1,1.09491760026876,1.23010176532592,1.34578867133645,1.45151703151763,1.54520282609598,1.61106708731327,1.63649740690543,1.63067265157693,1.60849763322264,1.57993402190293,1.54648121391334,1.51016022125405,1.46922448720284,0
"437",1.71049589656829,2.09678372322648,2.37121142987529,2.52576085704759,2.56503574397965,2.49328567234572,2.37779157372914,2.25836613214431,2.14029353826699,2.03152785526574,1.93789219344857,1.85629835725866,1.78073618264164,0,0
"438",1.95540833946677,2.41644568873978,2.69615005303836,2.81993778421295,2.79430392949353,2.67333917809829,2.51551340669524,2.36097069373005,2.21693938773108,2.09488652587455,1.9861082974488,1.89550983152539,0,0,0
"439",1,1.1420701016812,1.28961195866427,1.46415968646993,1.60984515173291,1.70615229975158,1.73976686010265,1.73164172487396,1.70103131690157,1.66063255835157,1.61627093866118,1.56242011615822,1.51340484610042,1.47554340409831,1.44009946739875
"440",1.86890919007765,2.49246812174305,2.85148933549219,2.95526755530891,2.87087031456912,2.7110335655977,2.53993449071758,2.37766024323923,2.22771535273928,2.10075499196849,1.99834062482182,0,0,0,0
"441",1.43531353035095,1.79584346585546,2.05236023825755,2.23497254643829,2.32040423704892,2.30151536521399,2.22576510784705,2.13358270838101,2.04039921020843,1.93688385209148,1.85008870847771,1.77311341486787,1.70914123785275,0,0
"442",1.43531353035095,1.84131532765241,2.12797096732644,2.30381573171641,2.37574152400624,2.34781802989833,2.26423664889405,2.16016758730159,2.06303244046773,1.96474896906201,1.88196415323321,1.8035733718573,0,0,0
"443",1.53360771877001,1.97837961404685,2.25638248303203,2.43807743722699,2.48428080218737,2.42571647605651,2.32672387006183,2.21740418191604,2.10640260538234,2.00226244826471,1.90877124969143,1.82496554107242,1.75280882364758,0,0
"444",1.34836886301424,1.62883390917791,1.8985244564528,2.0938670937872,2.19661727369541,2.19966305673497,2.14498429159569,2.06575204302528,1.97693172216175,1.89205609483299,1.81459142242309,1.74168665506496,1.67841290348493,0,0
"445",1.63249684072392,2.14961932014263,2.4902486742098,2.64753448707705,2.6462233370975,2.55085336644773,2.41618103972096,2.28487082547788,2.16210362153289,2.04562783075103,1.94508541482678,1.86116561709183,1.78507140140644,0,0
"446",1.29363316546299,1.2571516829678,1.29023616751454,1.32614723861211,1.38633164935033,1.45440959662928,1.52142192702549,1.56538605372133,1.57967306379129,1.57354979205294,1.55510103898921,1.52581116956352,1.49905851060072,1.46248433255098,1.43102277395653
"447",1.47135243346982,1.87548544280692,2.18496450124891,2.37748268736814,2.43186709586943,2.38006612115658,2.28183622294592,2.17350416831561,2.06582689969521,1.96555620485301,1.87126032531168,1.79183512306597,1.72324194745737,0,0
"448",1.72775759841212,2.15984954157668,2.4364363372665,2.60406564886549,2.61883892330439,2.52789435018007,2.40107689578013,2.26341971139002,2.13114728825954,2.01780330755907,1.91680584706101,1.82322953131228,0,0,0
"449",1.47135243346982,1.51902620207257,1.63445669961747,1.74062958642065,1.84687798311703,1.91760762591888,1.93430990639124,1.90856859328992,1.86051036665302,1.80220720174028,1.74260647510311,1.68593179808209,1.62846367170637,1.5763749913647,0
"450",1.80436728744931,2.28742179667545,2.60804622323083,2.75193691008085,2.73093607375662,2.61346480505923,2.46205383766076,2.31444255647743,2.17964849934574,2.05668798624778,1.94774627939409,1.86168877062176,1.78828335143681,1.72031210187569,1.66630814140906
"451",1.74429468047285,2.05023450692746,2.25470948205545,2.40085086572197,2.45988433720927,2.42580566971307,2.33669703033862,2.2293172381194,2.11658490264841,2.01657715765947,1.92260058784706,1.84129699995776,1.7627325658519,1.69736014113431,1.64215113387399
"452",1.72775759841212,2.26583905852297,2.58798524455242,2.74237348275014,2.71358396397288,2.59676776573874,2.45096639354468,2.30581638370341,2.17027381919784,2.04696597840419,1.9283450135684,0,0,0,0
"453",1.58642437571285,1.98926334977927,2.30488434552523,2.48850455111376,2.52007536834642,2.4503765644088,2.33512491945424,2.21278135783824,2.10174000444283,1.99659541368197,1.9005167185808,0,0,0,0
"454",1.6101828400782,1.77956304837934,1.92428081270229,2.06310312218525,2.1634271502867,2.18977751146655,2.14992572851781,2.07831460247521,1.99384945985431,1.91288206258808,1.8305171884956,0,0,0,0
"455",1.91429882024038,2.2981078477331,2.57426599587467,2.71101168552254,2.70822024103312,2.61179163917119,2.47675510899269,2.33593327900408,2.20335568421832,2.08935685010295,1.97902266434042,1.88926674528145,1.81008502708386,1.74386523971511,0
"456",1.39480598953532,1.49659885822024,1.56190934919276,1.65633495009858,1.76060961288448,1.84109269139943,1.8695364120436,1.85512960441822,1.81436875491818,1.76544903121195,1.70954549693993,1.65455604571105,0,0,0
"457",1.76017160979655,2.08195003532553,2.33095330909494,2.48479285629306,2.52878094432077,2.47352404691374,2.3707195005443,2.25546801446074,2.148473039573,2.04137933228422,1.94746204033954,1.85577518758193,1.78300808265713,1.71950575853231,1.66557591444849
"458",2.17728510890568,2.77103823665454,3.04187898511123,3.11984288099312,3.01125937754384,2.82665561748025,2.63536702946368,2.45575053079196,2.30037590449981,2.159993096443,2.02572894130599,0,0,0,0
"459",1.22633248595251,1.39645960331431,1.63401134886047,1.82428905239593,1.95678345235101,2.0047231848197,1.98686155496746,1.93436520554266,1.868519127175,1.8025381519848,1.74031513692818,1.67278940112806,0,0,0
"460",1.39480598953532,1.62827614492447,1.83678189420667,2.02291540542818,2.13220390851219,2.15382252326916,2.11142144328868,2.04302275096396,1.96314476033845,1.88064892003402,1.80078980730209,1.73164331065772,0,0,0
"461",1.65354853976121,2.07166106143441,2.37782020009028,2.55132557352554,2.57431534495841,2.49422136426182,2.37317429489813,2.24064685421667,2.11268809178938,2.00061393956777,1.91084332583725,1.82354124262479,1.75423226074509,1.68971951788191,0
"462",1.50389136610246,1.75611152996738,2.003367623124,2.17814272998036,2.27183764577965,2.26622842949246,2.20323557203054,2.1171758354341,2.02017848360219,1.92761150456932,1.84023667394562,1.76662837009548,1.69625824576029,0,0
"463",1.50389136610246,1.94606254400328,2.27296161334023,2.45867192218823,2.49585700729826,2.43124529082291,2.32188123899804,2.20700209686275,2.09314431148465,1.98728907264598,1.89239483972469,1.80728384841246,1.73247645503003,0,0
"464",1.65354853976121,2.03277474479468,2.28662200181303,2.46588000584921,2.50857831899605,2.44858406431383,2.34369722709313,2.22444854018134,2.10049826662146,1.99140509045829,1.89099763201628,0,0,0,0
"465",1.34836886301424,1.58101404013273,1.71269732962959,1.84421460304927,1.95699560864301,2.01232959773376,2.01003337072728,1.96699078899145,1.91161539459014,1.84972824477643,1.78420880763725,1.71860511184183,1.65774885431837,1.60864202958336,0
"466",1.95540833946677,2.38095710497153,2.67846306404466,2.81250704979085,2.77968173766338,2.6560812010294,2.50264940768169,2.35334217470098,2.21503247635467,2.09420093284305,1.99033242013671,1.89923085176869,1.81894796516379,0,0
"467",1.22633248595251,1.4403228030608,1.61232693921534,1.78363735960638,1.91315706230417,1.97232593453575,1.96495647581946,1.92413377212598,1.86942471801185,1.80565568655754,1.73943187851635,1.67875354156351,1.62202437408125,0,0
"468",1.6101828400782,1.99349637652319,2.31064621703579,2.4940274895881,2.52511049998023,2.45334214204744,2.34063488292537,2.2158771669737,2.10161044616581,1.99732935298087,1.90445994768367,1.82346465676914,1.75416384815385,0,0
"469",1.74429468047285,2.02596851110734,2.31408432675727,2.48862395664675,2.52747191842639,2.4617179964163,2.35269843771402,2.23537017698278,2.11909312531872,2.01322590888338,1.91281954176734,1.82528202920816,0,0,0
"470",1.43531353035095,1.42667491921312,1.45913053011422,1.54698759528516,1.64967386965767,1.73637331193129,1.78179881904058,1.78159476159442,1.75331723467636,1.71237423788444,1.66363222680298,1.6160266536337,1.56807803261113,1.52523596091076,1.48551989131382
"471",1.6101828400782,1.92875628302362,2.2046664989234,2.38125427048369,2.43854767276778,2.39817106837958,2.30288519658243,2.19774302080112,2.09379481151033,1.99136450776087,1.90453403020904,1.82531962063523,1.74852504076437,0,0
"472",1.88071296623518,2.323425202768,2.62222477228771,2.76974978684502,2.74524168883865,2.62635365524145,2.47876967241801,2.33230153285622,2.19342061267858,2.07254645942833,1.96668459577048,1.86698031116287,0,0,0
"473",1.47135243346982,1.56441086598818,1.69676412710294,1.84189604640676,1.95979959515432,2.01582521846886,2.00930246276291,1.96263583890478,1.90253623166107,1.83558535549756,1.76671148658453,0,0,0,0
"474",1.43531353035095,1.8089787377482,2.09841777254776,2.29768317064673,2.36786255967385,2.33184451085108,2.24458047801983,2.14263946234306,2.03940597763509,1.9456893539795,1.85779725305356,1.77135716442871,0,0,0
"475",1.6101828400782,2.02494252151653,2.29513569580436,2.4680416986688,2.51296369109582,2.45228420045515,2.34464209106118,2.22697197559406,2.11192655988362,2.00539070495872,1.90998527978696,1.83285050264677,1.75983999793487,1.6947603905679,1.6430945710954
"476",1.43531353035095,1.39319729574822,1.54056863237343,1.68784863831319,1.81679655690478,1.8912462726933,1.90238218942236,1.87356034060721,1.825339204515,1.77215500357323,1.71143509977866,1.65512225030642,1.60638083722907,1.55641454390721,0
"477",1.43531353035095,1.95335267909517,2.30803498678912,2.49405922139166,2.51931076965961,2.44540775724634,2.33290012786194,2.21187321378799,2.09122084302023,1.99246250018005,1.90151508118907,1.82086177253116,0,0,0
"478",1.71049589656829,2.15681710872359,2.44806295960936,2.60309694430825,2.62319091266282,2.53508901287229,2.40993568683176,2.27831363321461,2.15137286208994,2.03639603824556,1.93703735275051,1.84098587921457,1.76245599303845,1.69711157834881,0
"479",1.94548374844359,2.48916689644158,2.79296923857025,2.90809359692141,2.85354001933967,2.7069466609992,2.5402096094359,2.38417116481049,2.24169533871632,2.11800209215085,2.00388003219384,1.90534675706887,1.82438633445669,1.75672143291602,0
"480",1.72775759841212,2.04939422952303,2.31376198028651,2.48160143222767,2.52402020673584,2.46286887203767,2.35815877900867,2.23856429557829,2.12096606348784,2.01559350322472,1.92041756736668,1.82640044026518,1.75678617722312,0,0
"481",1.71049589656829,2.03804030469941,2.32592028287345,2.49190424291371,2.53097690282152,2.47027822012728,2.36306531499954,2.24251953511014,2.12296581371101,2.00800719156986,0,0,0,0,0
"482",1.29363316546299,1.33117330983891,1.40955336164702,1.51869214749954,1.62175119018478,1.70944393181609,1.7578144164523,1.76164949498523,1.73734645204069,1.69994948594446,1.65492048493122,1.60746895517664,1.55796986543298,1.51259194386153,0
"483",1.34836886301424,1.4331553436808,1.53391247744552,1.64621717823147,1.75757317084009,1.83864532258571,1.86544510895779,1.84993896234259,1.80973376000935,1.75972790470882,1.71124284066845,1.65867079932292,1.60821793826184,1.56637695729285,1.52612038122196
"484",1.58642437571285,2.00497434707002,2.33910829068648,2.52012934277323,2.54358888480663,2.46568132545021,2.35063203110453,2.22840958263046,2.11472519197043,2.00865705278363,1.91435852772048,1.83547986220991,0,0,0
"485",1.63249684072392,1.88373685109628,2.17264328687582,2.35999409777491,2.42121252179472,2.37733085217042,2.28918301466741,2.1800870008315,2.07377091879472,1.97326194457847,1.87519895279231,1.78666738408228,1.71411749394388,1.65741688245524,0
"486",1.56099495215894,1.86155826040022,2.11832033324912,2.30324977946233,2.37741442676621,2.34549549161371,2.26032217543951,2.15798790338459,2.05126044669086,1.9476623704711,1.84241531127418,1.75781476652946,0,0,0
"487",1.34836886301424,1.60207725273103,1.79864184396898,1.95140496675783,2.0633165288339,2.10361272081935,2.07754669221757,2.01884496838482,1.94678555991494,1.86983834934153,1.79771535929553,1.72365451026321,1.66227107829216,1.61057987819515,0
"488",1.63249684072392,2.07844549113224,2.37168975766212,2.53522535282209,2.56702553214889,2.49358091023093,2.37821264316855,2.25095886375746,2.13062737676608,2.01294314180174,1.91657795228107,0,0,0,0
"489",1.34836886301424,1.59193256882389,1.77069699506573,1.94233752406518,2.06089663552761,2.09609548564814,2.06856207148331,2.00818161348804,1.9410990507049,1.86993789137155,1.79138605508259,1.7180520080746,0,0,0
"490",1.47135243346982,1.84949387788032,2.16871906613006,2.37014369188443,2.42208784132111,2.36948330686334,2.27197397375141,2.16865323506405,2.06689567450219,1.97017092002631,1.87528714916031,0,0,0,0
"491",1.39480598953532,1.6050113081941,1.80641396758122,1.96584235438473,2.07999612177543,2.11330552015988,2.08542024465776,2.02629443529973,1.95441133527636,1.88012905098519,1.80508400747106,1.73715769110731,1.6787643149883,0,0
"492",1.43531353035095,1.4752293462803,1.6396410103599,1.78615573324847,1.90500954591959,1.96815910507406,1.96944139148579,1.93298348417394,1.87841702107924,1.81469323499533,1.75165275012221,1.69313220770367,1.64270207014516,1.59866457604185,1.55246750013851
"493",1.34836886301424,1.61155454712081,1.83694957188492,2.03449558370803,2.14578332258242,2.15980310449561,2.10948313532087,2.03432401287279,1.95385811334616,1.86761370304332,1.78766276798807,1.70953899206102,1.64529885624777,1.5952264902193,1.54933722606675
"494",1.43531353035095,1.63593764708464,1.8065853122731,1.95617070252802,2.06674583051942,2.10523439474951,2.08248544542867,2.02477544061744,1.95131469941114,1.87678033494492,1.80457743995525,1.72446478274633,0,0,0
"495",2.24051717564325,2.89090988460317,3.2088433438031,3.24407898124823,3.09316846445156,2.88030841326153,2.66799066796765,2.47686720849627,2.30688818707543,2.1637767762706,2.02898148477217,0,0,0,0
"496",1.74429468047285,2.19365628790935,2.477544617012,2.63226572241687,2.64655752695488,2.55594549101856,2.4240450952224,2.29126666304567,2.1599951197922,2.05000295118659,1.94482626379299,1.85345658954767,1.77353930369218,0,0
"497",1.71049589656829,2.04259212186202,2.28131935352318,2.44125942737011,2.49373011971235,2.44572439874605,2.3436486653515,2.2261332279915,2.1124027149066,2.01600753541284,1.92526301966841,1.84184311543762,1.77057508874217,1.70440732873803,1.64854215077159
"498",1.47135243346982,1.73068856761956,1.96362804101898,2.152399292188,2.24783237780954,2.24445382528721,2.18297076405323,2.09901093373625,2.00843079868042,1.9211708373087,1.83778676475048,1.76760479405697,1.70606927393215,0,0
"499",1.74429468047285,2.09689597800129,2.36213811454555,2.51958849402678,2.55526629901774,2.49166656097161,2.37966228940494,2.26147058565319,2.14473257173888,2.04236272297011,1.94512388356516,1.86269178283845,1.789177979338,1.72111533735898,1.6636878744189
"500",1.34836886301424,1.67107052665749,1.93885581163768,2.14589659893957,2.23926162881238,2.23066900500833,2.16609229684974,2.080397237381,1.99045590764487,1.89938894246325,1.81723190150812,1.74402596358258,0,0,0
"501",1.34836886301424,1.39390092296477,1.52423938679496,1.67014748380442,1.79368225487152,1.87048749545005,1.88838770719264,1.86443154635096,1.8210993756994,1.76746810568497,1.7098211447512,1.65739874093489,1.60707263904436,1.55704013276653,0
"502",1.97461952511116,2.49998553482275,2.8350723285274,2.94369080587345,2.87352150693679,2.72071817309374,2.54991311678683,2.38483950629756,2.2385471150802,2.1086743843929,1.98156685273487,0,0,0,0
"503",1.94548374844359,2.48126253754673,2.80911264890356,2.92309357348975,2.85715785813027,2.71162292220741,2.5454158875389,2.38463281159528,2.23692615051669,2.10204712994458,1.98708716494594,1.89060309270978,1.8065217517432,1.74066097327641,1.6813942397851
"504",1.47135243346982,1.6084671122353,1.75351382137671,1.89787116287599,2.0073582351649,2.05694593176317,2.04505511559318,1.99623517473433,1.93070331755825,1.86211688619466,1.79413002479114,1.73269568721441,1.67475993187263,0,0
"505",1.71049589656829,1.91347360022783,2.12117594000854,2.28081170540132,2.36093078484518,2.34044960809619,2.26602275166179,2.16821807028595,2.07130888685756,1.97993655768692,1.88925233547186,1.80451336130357,0,0,0
"506",1.58642437571285,1.77418311082531,1.93110547048048,2.09866954170065,2.20225078287272,2.21304156736442,2.16050059371422,2.08375219571058,1.99700338201326,1.90820816802773,1.83068041396404,1.75280974739189,1.68836399686992,1.63635276457698,0
"507",1.85676918569976,2.37565229742866,2.71790387026441,2.84913718452752,2.80043920125867,2.66193281446762,2.5016394897081,2.34389703972902,2.19922446917763,2.0646687312002,1.95983110637731,1.87234858411702,1.79502889247445,1.7263678797899,0
"508",1.58642437571285,1.77993591874928,1.89904809293349,2.02748074623581,2.1199892468507,2.15587643358183,2.12916885489286,2.06927997475574,1.99464487588571,1.91834514720515,1.84527535512519,1.76885475360197,1.70532911283203,0,0
"509",1.39480598953532,1.6483460899729,1.92776672634213,2.12724033050674,2.22632714274591,2.22102835376676,2.15593185953672,2.07048606011953,1.98435779015494,1.90217551033196,1.8223781573775,1.75079703903939,1.68915751146702,0,0
"510",1.50389136610246,1.52185287074592,1.58163500477029,1.64670695506644,1.737636616343,1.81673949365355,1.85132754955493,1.84319626380925,1.81131975982802,1.76662966343878,1.71648490310168,1.66469399160022,1.61364007533203,1.57014820390487,1.52956480094328
"511",1.47135243346982,1.56441086598818,1.6929862527802,1.85459670539095,1.97552696446829,2.02799819864245,2.01465785720234,1.96472010099174,1.9000393035773,1.83123115025394,1.76200295952651,1.70655768068458,1.65563154465745,0,0
"512",1.50389136610246,1.90477185503756,2.18539014845973,2.37071132096399,2.43027293426798,2.38535880406094,2.28997593934462,2.18329471532538,2.0768715289943,1.97746281427657,1.88381577479964,1.79971955611561,0,0,0
"513",2.1833742176792,2.77406150213814,3.09568758675001,3.15118829182245,3.02829780200385,2.84188248651002,2.6500124368362,2.46903886570435,2.308823989141,2.15800045840695,2.04443608421014,0,0,0,0
"514",1.13737995650662,1.36980283757124,1.58011271535483,1.77235092246083,1.90632630551908,1.96267427103458,1.95295565937615,1.9086260428546,1.8519635600976,1.79196941655342,1.7281919362522,1.67007553362622,1.61423708828826,1.5670999979603,0
"515",1.74429468047285,2.12768938707223,2.43354310994808,2.59508957876747,2.61222456260669,2.52897718972428,2.402723296263,2.27478220317074,2.15466708213153,2.04132303993979,1.92347151548391,1.84026101578644,0,0,0
"516",1.96511686213595,2.37638056545181,2.59315322870024,2.72478346003289,2.72395462326979,2.62726402944028,2.49457398270033,2.35388095381927,2.22119519574546,2.0938098420692,1.98862135997633,1.89195046936363,1.81247249120323,0,0
"517",1.22633248595251,1.48411904643749,1.70239888744156,1.88109573849402,2.00180970861369,2.04664047318237,2.02790638048745,1.97457161406442,1.90861162896585,1.83560901237303,1.76752556638077,1.69691770921867,1.63401651059782,1.58139129718595,1.53983047281642
"518",2.2127542211891,2.79006166505156,3.10331705584169,3.16095301265863,3.04038973892514,2.84504688948256,2.64472592035654,2.46466016514178,2.29893256704233,2.15254088267555,2.03381442352881,0,0,0,0
"519",1.39480598953532,1.67013016230038,1.99425430392141,2.20439814097254,2.28642948249266,2.26318629971786,2.18542575191798,2.09021813357619,1.99403856923173,1.90492342113914,1.82590036034353,1.75564154312411,1.68646039007058,0,0
"520",1.63249684072392,1.97782270894348,2.21337361542449,2.38361599593788,2.44662675489251,2.40505365804548,2.30923287212828,2.20455731919859,2.09434237000483,1.98337977529488,1.89471867906637,0,0,0,0
"521",2.06786889606778,2.65194842666562,2.96519787126676,3.04924555920805,2.95731068083432,2.78620664689093,2.59921718051968,2.42196432111471,2.26763508321078,2.12588384299749,0,0,0,0,0
"522",1.43531353035095,1.71036145348672,1.85796408574032,2.00546261868864,2.11190798043014,2.14436709234756,2.11177339339519,2.04921476640303,1.97485021970236,1.90053387591991,1.83457920704671,1.76595302778024,1.70273126814706,0,0
"523",1.34836886301424,1.41503603799277,1.51695492162676,1.67940530074744,1.80940365186788,1.88493755863494,1.89603661421918,1.86525284887193,1.81619557744858,1.76047861502987,1.70033223512955,1.64227861419709,1.58510405762276,0,0
"524",1.76017160979655,2.01007188507321,2.17814021682911,2.31859769167933,2.39029352797584,2.37208642241518,2.29765178750106,2.19998519782368,2.10006792949389,2.00409140210216,1.91568869318835,1.8366570840375,0,0,0
"525",1.34836886301424,1.54934786301286,1.76596418066548,1.96080225369873,2.07877577078033,2.10627912345869,2.07102611674306,2.00768731559065,1.93171512260644,1.8574895391154,1.78602736638898,1.71853554111441,1.66023594563142,1.60506204471471,1.55829108451963
"526",2.01935484123312,2.59157591197911,2.93209765445546,3.02059893532327,2.92837182246693,2.76258602503275,2.58142399828568,2.40319940393118,2.23573072541509,2.09210407040881,1.96728830744629,0,0,0,0
"527",1.34836886301424,1.4631943557559,1.56033663660041,1.68120074410103,1.79304206125617,1.87044682851151,1.89206939781468,1.87114796381101,1.82846245084322,1.77804894293855,1.72734729356311,1.67441591621147,1.61388693087443,0,0
"528",1.22633248595251,1.37352013131702,1.53318443271374,1.69306443392341,1.82668734306282,1.89910592415663,1.90539815625779,1.87325975228345,1.82343100251316,1.7697209808519,1.7085131673901,1.65118984173835,1.59308914701391,0,0
"529",1.72775759841212,2.10916761767096,2.386539191891,2.54675567410303,2.57755352022514,2.50388327185586,2.38663258806834,2.26706067477322,2.14845041474804,2.0338810995959,1.93638360355266,1.84932129912902,0,0,0
"530",1.99304452927106,2.59200269022362,2.89473751155351,2.98937032291504,2.91701178731378,2.75963775793912,2.58008912300487,2.4087150860211,2.26068408728738,2.13024566463364,2.01449602286688,1.91466239063683,1.83548607712407,0,0
"531",1.56099495215894,1.90858871943993,2.16509687787493,2.34077433430188,2.40707448705379,2.37360444842508,2.28700601059371,2.18093569170403,2.0782939936063,1.97543788721866,1.88878921459814,1.80732329470675,1.74163844590379,1.67839484178108,0
"532",1.47135243346982,1.68164119999985,1.8949239717727,2.05209516765092,2.15167651928682,2.17766551050608,2.1378173643678,2.07013384252375,1.99466837747369,1.91283822854393,1.84088232678041,1.77155290892278,1.71105395462115,0,0
"533",1.89220058193626,2.43502921239785,2.76673485569913,2.89109975594287,2.82836042433564,2.6838102333437,2.51962030232837,2.35925603846188,2.21622199254002,2.08803717778623,1.97787681604223,0,0,0,0
"534",2.22404225209539,2.8608289194212,3.17563838797757,3.21358660911186,3.07305542817681,2.86922612131621,2.66192630778576,2.4718621890745,2.31518317100142,2.17688091331983,2.06462181769315,1.96457416679592,1.87206396652679,0,0
"535",1.34836886301424,1.70150812850092,1.96219140719684,2.15197150318523,2.24567618264888,2.24200272979587,2.18366333324564,2.09960286294951,2.00894053823153,1.91541758293863,1.83611654560039,1.75226677113139,1.68344995070844,0,0
"536",1.22633248595251,1.55974871481934,1.81801527049735,2.01666388587363,2.12702290954758,2.14393926539534,2.10223293384913,2.03221644580555,1.95479847684646,1.88077552254224,1.80357558607278,1.73192444491681,1.67548412731452,1.61881652869931,1.57080681993026
"537",1.69243478358413,2.09175025868093,2.41152852604381,2.57918084336528,2.59545754246489,2.51172779091864,2.38551638406574,2.25663750272417,2.13592422283771,2.01914657158774,1.92601591603062,1.84250797378736,0,0,0
"538",1.22633248595251,1.3602317763597,1.54004416408808,1.73096495802959,1.86900250995791,1.93164433654556,1.92542560580219,1.88597742761112,1.83065226674783,1.77186809205204,1.71118110716541,1.65489550876137,0,0,0
"539",1.22633248595251,1.40652492533868,1.56315084012514,1.71023654370178,1.83064261733858,1.90350561199282,1.91654392750286,1.88658319934484,1.83972303629569,1.78484568353107,1.72806131040271,1.6699590104207,1.61661492774513,1.56566729259155,1.52240696312896
"540",1.22633248595251,1.43267061891174,1.62956313002457,1.80971874263723,1.94207780919371,1.99396874137964,1.97987693664901,1.93179856635685,1.87271241275646,1.80760370128329,1.74537874751061,1.69168971997819,1.64140247346152,0,0
"541",1.34836886301424,1.57522387393347,1.7004494903947,1.79893279808149,1.89831285330113,1.96417308651971,1.97382024800875,1.9429999896885,1.89025006857011,1.83042484300978,1.76497969650689,1.70590251083206,0,0,0
"542",1.34836886301424,1.64428848663185,1.91319474306042,2.11105815768056,2.21085077907521,2.20778788316739,2.15109334818192,2.07184949386573,1.98887782028472,1.90655573914927,1.82733452911897,1.75691441243182,1.69203502784365,0,0
"543",1.76017160979655,2.38341372675749,2.73509173128385,2.85802843495495,2.80475132344437,2.66365643978854,2.50400962218342,2.34202962036911,2.19354848908145,2.06264767164496,1.95291932564952,1.85491482446369,0,0,0
"544",1.6101828400782,1.95533165262242,2.23396733448467,2.42028335983616,2.46969639942674,2.41554737159111,2.31085076140614,2.19611420339297,2.07969984412013,1.97838997829508,1.89137644006843,1.81189813942672,1.73658342667945,1.6738477074951,1.6240792588488
"545",1.43531353035095,1.58209380553411,1.70987744597082,1.86095315572629,1.97763042163974,2.03101493587736,2.01942353584547,1.97018107627554,1.90507760549696,1.83914367574504,1.77484772414107,1.70860344328554,1.65312579732695,1.60813058032886,1.56422691096244
"546",2.10479698881351,2.73530412215424,3.05527749902832,3.12569595235093,3.00697881607021,2.81462583228442,2.6182274784493,2.43949374695164,2.28466609188277,2.148131595652,2.02999518470214,0,0,0,0
"547",1.39480598953532,1.24836773583333,1.40482441837544,1.54650280660548,1.67662712838854,1.76650397152382,1.79873957757174,1.78583907489799,1.75113914961157,1.70738178667631,1.6609393593339,1.61490559807884,1.57119015239011,1.53156201096413,0
"548",1.69243478358413,2.21322907338202,2.53842584810873,2.69551787495216,2.681255729928,2.5730964773995,2.43237684286872,2.29088224740484,2.14501859567897,2.03201261087784,1.92917546812997,0,0,0,0
"549",1.77544437079358,2.12766557787292,2.35135033612791,2.50335477599216,2.54561023941986,2.48780789914849,2.3802889047583,2.25759461896416,2.1463409032361,2.0359385682411,1.94270359711995,1.85723920641178,0,0,0
"550",1,1.28568791240243,1.52027041406594,1.72252301853906,1.86633735314086,1.92393220934632,1.91699314584962,1.87541269576699,1.81851209133638,1.75788390326728,1.69273359120525,1.63550279517931,1.58318408051447,1.53894534657107,0
"551",1.71049589656829,2.19565533684055,2.52124083783999,2.68211899193349,2.67536651793422,2.56426642324425,2.41986339752183,2.28100088306699,2.14924136643564,2.03337163724444,1.93845048008562,1.84222558740411,0,0,0
"552",1.53360771877001,1.87929129730475,2.13386728735647,2.30433495821255,2.37868446347251,2.35256383306767,2.27074049119328,2.16950216249976,2.06359798768994,1.96362817797534,1.8749827808994,0,0,0,0
"553",1.29363316546299,1.507129445382,1.73154469907348,1.91240869621316,2.03282082767991,2.07196579780196,2.04476547240324,1.98455911654655,1.91592638885412,1.84244691986363,1.76863562608585,1.70475376864612,1.64786917195923,0,0
"554",2.12565985332534,2.80880795760537,3.14136135494721,3.1905319279623,3.05037391695959,2.84461209228555,2.62639236812738,2.42802193016695,2.25168635818868,2.10043788182374,1.97447067867638,0,0,0,0
"555",1.34836886301424,1.39390092296477,1.34997581306415,1.38051253762763,1.42504817215498,1.48798233495562,1.55094624829972,1.59304769629322,1.60493260792861,1.59579620207153,1.57417299795591,1.54502887057425,1.51485876891434,1.47884478104895,1.44602551292518
"556",1.91429882024038,2.44581702004707,2.75914385881933,2.88543222212903,2.83036516144276,2.69165154339432,2.52540169703456,2.3632790072385,2.22607707943266,2.09475848292952,1.9807703864936,1.8884173234684,1.80458229366328,0,0
"557",1.72775759841212,2.02425544170333,2.21057643465346,2.37337341379786,2.43746566325179,2.40351010941095,2.31177734393024,2.20555255803311,2.10223993745185,2.00257636153986,1.90904556570878,1.82751713872162,1.750479659437,1.68634565273823,0
"558",1.77544437079358,2.20726211669182,2.4647604300199,2.61371650805756,2.63379467201882,2.55091822837503,2.42643415972144,2.2932738439777,2.16462777491117,2.05083293713467,1.9386036494091,1.85362083796449,1.77835099740928,0,0
"559",1.56099495215894,1.75517270694124,1.93708722101509,2.09724206316961,2.19986248172613,2.21355327543889,2.16376156798975,2.08961170821035,2.00228728752279,1.91635064177281,1.83693642208272,1.75833815971717,1.69330822131733,0,0
"560",1.43531353035095,1.77388748887244,2.01882192315158,2.20649686017739,2.29334855142917,2.2810373904927,2.21243982301578,2.12161084700706,2.02865538429358,1.93568358207778,1.85050871767937,0,0,0,0
"561",1.22633248595251,1.42453524761725,1.55438307813649,1.69624579051772,1.8215974676623,1.89446321444934,1.90761857770373,1.88194590149092,1.83316812901043,1.77869324936068,1.72442107318278,1.66374363348568,1.61102712118773,1.56061578359908,0
"562",1.6101828400782,1.89097555208878,2.11878834850042,2.29101750212407,2.36528122574248,2.34449078033698,2.26685125871392,2.1718518614938,2.07588236434566,1.975871053417,1.87747165393724,1.79412414417004,1.72793937535813,0,0
"563",1.77544437079358,2.23810797388574,2.54559039056581,2.69580662106401,2.68932460052482,2.58755760947838,2.45382036834294,2.31349377928242,2.16947972840928,2.05197116165402,1.95216541564275,1.85425382132801,1.7789148932564,1.71189908452437,1.65533453093803
"564",1.77544437079358,2.24353230671265,2.5573530731333,2.70937299796831,2.6976743691201,2.58938651503014,2.44859048950905,2.30911032849889,2.18232562672907,2.06047371978525,1.95103246558358,1.8589155776543,1.77838928679846,0,0
"565",1.63249684072392,1.95676584511685,2.22129110251729,2.3930941522903,2.45141738757548,2.40824148474914,2.3138703162572,2.20477736379201,2.0948966600575,1.99152791820258,1.89787878581087,1.82319378042841,1.74663401720807,1.68674331146355,1.63251971388038
"566",1.67348676678581,2.06308713816068,2.36303788563657,2.53465587286195,2.56205262714657,2.4874355556259,2.37351455634312,2.25241897780007,2.12988993281276,2.02089128548819,1.92953785103844,1.83440555154724,0,0,0
"567",1.34836886301424,1.60689355136424,1.83601931511487,2.01047458492046,2.12271369693419,2.14514675222008,2.10533712104434,2.03673019704481,1.96168056903171,1.87937372894373,1.80530666807885,1.738748386823,1.67836070986126,0,0
"568",1.47135243346982,1.71290099122214,1.94137361464264,2.12595963200637,2.22545975089596,2.2267068778054,2.16957856304467,2.09026625159478,2.00238681822652,1.91693804594552,1.83261685375534,1.7598749557245,1.69468242656786,1.63612232587095,1.58654459990273
"569",1.69243478358413,2.17714971402091,2.44314311249,2.61968937834015,2.62555061911553,2.53072012378479,2.39795327455975,2.26685463066434,2.13405783434144,2.01754255585592,1.92059186211149,1.83539532784982,1.76210880669102,1.69679954976359,0
"570",1.89220058193626,2.39129693094226,2.72570657280263,2.85459386066364,2.80658545883336,2.66514939976932,2.50460553366039,2.34929121008529,2.20779558679703,2.08081863054172,1.97387890767945,1.87899988303046,1.80094929841927,1.73168164636974,0
"571",1.50389136610246,1.6737563087057,1.74437569544266,1.85466147214577,1.95809898574335,2.0175584529086,2.01744174045678,1.97558008958269,1.91773124830818,1.8473929780521,1.78306422719791,1.71758739877296,0,0,0
"572",1.34836886301424,1.62470211108677,1.87538099118525,2.07504830298624,2.18094744079061,2.18678403392298,2.13106467948134,2.05292949595762,1.96844448336859,1.8878483082404,1.80979187739991,1.73434006237981,1.66745160421439,1.6115719090841,0
"573",1.29363316546299,1.6859107011503,1.98399022586078,2.18874943313146,2.27524859518642,2.2579854259744,2.18801117820863,2.09711686513275,2.00392594412313,1.91827749558631,1.83651414116723,1.76647489542828,1.70058312888103,0,0
"574",1.34836886301424,1.61155454712081,1.87039118036531,2.06746738664857,2.17365962007647,2.18181466403528,2.12956893474426,2.05309296073153,1.96750210638122,1.88111798989389,1.79477236357826,1.7241197517839,1.65832540430099,0,0
"575",1.43531353035095,1.7484193823448,2.04126850982795,2.2324874093317,2.31351612279598,2.29381044928488,2.21793213399259,2.12303670488103,2.02857075875507,1.93628952635356,1.84570364539729,1.76608328853633,1.70023305518625,1.641123350916,0
"576",1.34836886301424,1.4631943557559,1.45617378257299,1.37884502787115,1.40198433475102,1.44830119451915,1.5056017206615,1.55206055253633,1.57380422585309,1.57172401613272,1.55513133929586,1.53123716891461,1.50137317755386,1.46124400572157,1.42701182262359
"577",1.63249684072392,2.11315808183596,2.44808063628132,2.61691511936263,2.61996647930267,2.52566601675655,2.39504338500029,2.25929807043092,2.13464910230703,2.01805071847525,1.91017872191837,1.81741005231373,1.74148835199842,1.68435821824988,0
"578",1.56099495215894,2.02455787257099,2.31094418964267,2.48314358320964,2.52489457134207,2.45884420737675,2.34805737356017,2.22709981918593,2.1107458018145,2.00676201608207,1.91518425372658,1.82736484795707,0,0,0
"579",1.6101828400782,1.7730457338264,1.92817901085116,2.05856918529521,2.15236638789712,2.18215457157108,2.14959626107163,2.08278642752888,2.0055136001336,1.92376840442673,1.84731316880225,1.77726474258148,1.71617608336925,1.66307617751594,0
"580",1.34836886301424,1.47597440336724,1.67044443671,1.8433020281138,1.9683824054771,2.01936391522872,2.00473794595718,1.95559697276271,1.89074344572455,1.82405872723198,1.76100745347954,1.69796558091359,1.64495699467195,1.59491712774538,0
"581",1.34836886301424,1.59709442739445,1.82610769197942,2.00206819723468,2.11096467621214,2.13850631688604,2.10249487786547,2.0393216086402,1.95770059362027,1.87531641698285,1.79442016170478,1.71550312718187,0,0,0
"582",1.39480598953532,1.55218534950355,1.63098316361961,1.73165532048803,1.84303974428754,1.91476360481487,1.92876118998965,1.90400361264282,1.85873329625144,1.80298929720987,1.7504048790239,1.69503709252099,1.64345767652709,1.5935602917827,0
"583",1.43531353035095,1.74531848929389,2.00118634292533,2.17913892936915,2.27026411443671,2.26565393294616,2.20195618106119,2.11387644503533,2.02343031164363,1.92966731991757,1.84376900833261,1.76975833292575,0,0,0
"584",1.43531353035095,1.42667491921312,1.40668205955329,1.45902778009666,1.54674530962698,1.63384686109945,1.69171731503133,1.70831634933569,1.69626495906861,1.66734569845006,1.63020710324376,1.59121317603586,1.55146501672065,1.50669676162657,0
"585",1.72775759841212,2.09128054970314,2.37935800056272,2.54611083757751,2.57482678950435,2.50025284636571,2.38234697632279,2.2566162962191,2.13497275552315,2.02435385386241,1.91564703713741,0,0,0,0
"586",2.00198390899458,2.68112312741054,3.03089022036281,3.09903731326743,2.98071511537636,2.78952805172398,2.59572417428412,2.42127032670823,2.27064992390388,2.1361477525009,2.02545056220115,1.93014295752228,1.85521062852436,1.78440823546418,0
"587",1.29363316546299,1.2571516829678,1.18724612513456,1.17105555884819,1.19354455289528,1.24570475360996,1.30704603946715,1.3650704166523,1.40579921152923,1.4242188989405,1.42565748616833,1.41653036446049,1.4007726736853,1.38129868414329,1.36074783306736
"588",2.00198390899458,2.49623765074648,2.80395391360256,2.92118150789622,2.86291796220588,2.71524713794002,2.54779190199242,2.37692395680595,2.22408016534713,2.08873095760806,1.96438056308764,1.86496124231797,1.79120207673053,1.73211207377587,0
"589",1.76017160979655,2.01995508377425,2.24185255585607,2.40353638764549,2.46428171168924,2.42130758305252,2.32498210047733,2.21357100822754,2.10241501427969,1.98869751837063,1.88469438492696,1.79501696251201,1.72608322896397,1.6682129728225,1.61570018895642
"590",1.56099495215894,1.79130250749005,2.02820067799984,2.21028897022278,2.29596811524656,2.28621327189727,2.21846830032205,2.1272425942007,2.02738549696727,1.93309602223875,1.84291302699019,1.75825309563621,0,0,0
"591",1.91429882024038,2.31680909325686,2.60083083331876,2.74546349918395,2.73133662910644,2.61847101206085,2.47326150197085,2.32476706764105,2.18477287205562,2.05514455199448,1.95154232149449,0,0,0,0
"592",1.74429468047285,2.2556079547456,2.57462034586788,2.72052553813981,2.70854952616168,2.5977660720323,2.45638455933237,2.3106606841721,2.17283801887213,2.05485858647593,1.95721915495979,1.85868439634203,1.77818391673518,1.71516317141356,0
"593",1.34836886301424,1.2205038210114,1.35983115557989,1.50398178923701,1.63707085293179,1.72815771263759,1.76679765857126,1.76161011820922,1.73303159001382,1.69373829056067,1.64876894852939,1.60112347887278,1.55634155263298,1.51457852741569,0
"594",1.69243478358413,2.04924989092379,2.36994383532732,2.54785514144677,2.56856426183444,2.48703447942026,2.36320417349375,2.23485932188277,2.11545532666517,2.00154815711967,1.89585509135287,1.81033405787425,0,0,0
"595",1.72775759841212,2.12707262016163,2.39009087106088,2.55410396509804,2.58129965683116,2.50648368033131,2.38923795246643,2.26637601089575,2.14466701533659,2.03062479879158,1.93018828835015,1.8507390432925,1.77851459492812,0,0
"596",1.43531353035095,1.8089787377482,2.0889893966427,2.2812581215506,2.35630188652413,2.32650659324739,2.24248703032147,2.14137756049421,2.03912223231754,1.9460891249845,1.86396647010692,1.77678617091374,0,0,0
"597",1.43531353035095,1.8089787377482,2.09841777254776,2.28383870115561,2.35920584478588,2.32751253719649,2.24895714855574,2.15113004703052,2.05156275891543,1.95749604875814,1.87305796001308,1.79342398855179,1.72919759196595,1.66720235060864,0
"598",1.65354853976121,2.13757857958143,2.42662193865576,2.59174323021234,2.60875902397031,2.52353915961591,2.40099954203386,2.27102542345659,2.14004052227129,2.01685571811714,1.91598068462845,1.82250501569036,0,0,0
"599",1.63249684072392,2.05258557920945,2.33305449155797,2.51055915995511,2.54275062134624,2.47242708004358,2.35554257337886,2.23361955700875,2.12127758935232,2.00930625803405,1.90259006517392,0,0,0,0
"600",1.76017160979655,2.21401112716803,2.54180043559565,2.69920467927096,2.68546645932603,2.57523391501172,2.44134671099059,2.29957826877242,2.1699827277088,2.04987669661315,1.95286897736517,1.86620803187521,1.78486660792195,1.71724415564658,0
"601",1.22633248595251,1.46089859571467,1.6870963006102,1.88746556017898,2.01405572134943,2.05187983311491,2.0239150069392,1.9659020575755,1.89186654123934,1.81366671429355,1.74449537851288,1.67139784106397,1.61118556691603,1.56075903834911,0
"602",1.34836886301424,1.36846276158841,1.38487773374585,1.46824487619477,1.58887507535449,1.68331314859343,1.73166692405576,1.73479353036609,1.71208319705903,1.67486189172695,1.6333480823259,1.58636379944759,0,0,0
"603",1.47135243346982,1.71754317102881,1.96077685144114,2.14172398424589,2.23686899577478,2.23954898473097,2.18169505592506,2.09824214436869,2.01146218431963,1.92823727500722,1.8524421537281,1.77918581770586,1.70745142548036,0,0
"604",1.58642437571285,1.96275703111377,2.23425837151304,2.41144905460204,2.464288307793,2.41636876342283,2.31859543368411,2.20966647321278,2.10079306105963,1.99577760577978,1.90310360749168,1.81672223288512,0,0,0
"605",1.13737995650662,1.47741976081849,1.74501126742901,1.95151969464516,2.07169497112457,2.09538084910751,2.05759498158386,1.992790555348,1.92063357743615,1.84466874661259,1.77871381393528,1.70163789589129,1.63823665241518,1.58520291519978,1.5433096899034
"606",1.22633248595251,1.43267061891174,1.64387277497818,1.83134724552289,1.96100319699007,2.01019812950342,1.99320045234457,1.94246716587807,1.88051669595265,1.81477347840616,1.75114063492794,1.69569475841531,0,0,0
"607",1.58642437571285,1.83657112824801,2.10800656635878,2.28659543342732,2.36320439974744,2.33606524626883,2.25701988108477,2.1559605509049,2.05740774692913,1.96662366136987,1.87219186325511,1.78402249531855,0,0,0
"608",1.6101828400782,1.94612844264783,2.25788069875245,2.44661420369179,2.48722212982233,2.42403378566149,2.32304691178941,2.20944750432927,2.09106026352577,1.98549021598747,1.89082456698021,1.80589951257225,1.73579828532048,0,0
"609",1.76017160979655,2.25088090007179,2.54754132746046,2.70281435419634,2.69441781124607,2.58834898383525,2.44343911069174,2.30598648771132,2.17487654841637,2.05661109604576,1.95621143311613,1.86915626577427,1.79218683597674,1.72381662213788,0
"610",1.83138968861584,2.14915441236617,2.41549291002947,2.56838486767179,2.59513414654723,2.52300420827945,2.40622134126363,2.27944430520196,2.15748161659349,2.04783419138955,1.95478991840739,1.86221999164869,1.78132456575535,1.71406328847717,0
"611",1.22633248595251,1.4403228030608,1.54428282224812,1.65687692489374,1.76636394740579,1.84692334682008,1.87241666958634,1.85469894828713,1.81576537444193,1.76567836350161,1.70974906037701,1.65656686933908,1.60457314378551,0,0
"612",1.43531353035095,1.49411941746401,1.65238966732796,1.81164745252555,1.93536821484796,1.99338965477136,1.98721256707779,1.94339534953222,1.88043325140686,1.811811354922,1.7448668531337,1.67172636990286,0,0,0
"613",1.63249684072392,1.90509217276511,2.11191064017491,2.277482512508,2.35374572051165,2.33943205558457,2.26301231118602,2.16783572862398,2.06528254737852,1.96742910196308,1.87505192018427,1.8018846748432,1.72766994377641,1.66582762313775,0
"614",1.65354853976121,2.09627556324897,2.39269316152453,2.5635804929728,2.58472296102288,2.50190270969423,2.38142455255235,2.25499523319971,2.12981703297224,2.01224714356564,1.91749471529788,1.83678273507452,1.76798419372291,0,0
"615",1.50389136610246,1.75178970294421,1.9712206474382,2.14854955319507,2.24420281292405,2.24563303694446,2.18617344045366,2.10290417284477,2.0125499038615,1.93058068639819,1.84943621498223,1.77477901948711,1.71063201973179,0,0
"616",1.50389136610246,1.31263599929039,1.44642895322203,1.58735367549293,1.71679438080948,1.79998147355771,1.82809854569334,1.81583640509098,1.77942014688202,1.73381084427953,1.68480795013418,1.6324435253922,1.58043402000753,0,0
"617",1.74429468047285,2.0316455625509,2.26188290549041,2.41590665764634,2.47656921893108,2.42988553954592,2.33619526585104,2.22664702967786,2.11687467047319,2.00874748535195,1.91291573520602,1.81981369440278,1.74362696528409,0,0
"618",1.76017160979655,2.23276486644281,2.54566248727811,2.69985200495223,2.68875875638674,2.58204958458665,2.442642748191,2.30508481205498,2.17465876205523,2.06333559618817,1.96461924649437,0,0,0,0
"619",1.13737995650662,1.41145476332348,1.62558116956966,1.80987886766976,1.94720328398109,1.99417194449641,1.97619053250223,1.92528677702984,1.8626984092003,1.79585429647409,1.73162602265922,1.66507840805098,1.61535166278695,1.57021046809434,1.52654812998842
"620",1.53360771877001,1.92444944297733,2.20328577677228,2.39499408300998,2.44883105699259,2.39670514903338,2.2954319388142,2.18026762257814,2.07161154877608,1.95814216165564,1.8581330133549,0,0,0,0
"621",1.13737995650662,1.30627090631422,1.47295952560274,1.61542554405809,1.75170088739044,1.83305525132232,1.85190324613431,1.83023074899124,1.78803990447936,1.73589518496897,1.68329390824097,1.62867874246157,0,0,0
"622",1.50389136610246,1.83784919985392,2.12463875664097,2.30768692141369,2.37864753865816,2.34618947057223,2.26310442071356,2.16448654243167,2.06177229417074,1.96438892441473,1.87415767635806,1.7912006915257,1.71815569601272,0,0
"623",1.43531353035095,1.57244591484521,1.7752332740744,1.94858054940516,2.06819062643375,2.10151139580182,2.06845776893931,2.00823060299726,1.93680145073321,1.85928742733228,1.79265919453638,1.72224583689506,1.65665167827478,1.60182766903963,1.55534702987559
"624",2.17112040532128,2.76043867249679,3.07046743156665,3.13366485277731,3.02093927090655,2.82943906656723,2.62746201976379,2.44011110474278,2.26859672022775,2.13110108615897,2.00804440362105,0,0,0,0
"625",1.34836886301424,1.2205038210114,1.35319546080698,1.48271387587308,1.60142337841297,1.69686712985907,1.74179298388678,1.74170985080856,1.71648281427387,1.67902864754838,1.6339112397533,1.58686867692282,1.54347106207565,0,0
"626",1.29363316546299,1.50003580030848,1.68809824084574,1.87308734402375,2.00048818639794,2.0416758038019,2.019429718555,1.96438071441792,1.8953980202929,1.82782431436309,1.76205371960885,1.69508636807685,1.64097833082802,1.58767883914404,0
"627",1.53360771877001,1.89065287837245,2.23204525442476,2.42092314434686,2.46417381172715,2.4046555344278,2.30218301395786,2.18817294733529,2.07613023968219,1.97817149224615,1.89015733918141,0,0,0,0
"628",1.56099495215894,1.9108567857817,2.18065736778983,2.36157985096748,2.4239549581212,2.38374936998115,2.2922122887189,2.18814433417926,2.07704100023234,1.98017670832516,1.88401555395824,1.80538802098983,1.74258250486826,1.67924395222897,1.62571413137474
"629",1.53360771877001,1.80319646331671,2.03857460015892,2.22160608031708,2.3050838753131,2.29540639463258,2.22266335245279,2.12750025311675,2.03213178678119,1.93797743878755,1.85593054986768,1.77828089637675,1.70664500586872,0,0
"630",1.22633248595251,1.58998613878006,1.87573728916617,2.07244311813271,2.17884237753813,2.18317456857281,2.12958436851028,2.05223043945881,1.96835425445673,1.88459170141038,1.81071336179382,1.75199472780935,1.69207440156091,0,0
"631",1.29363316546299,1.60980875106128,1.83107056833534,2.01423785856095,2.1267903350241,2.14732386310945,2.10763318499101,2.03767057149796,1.95419559230379,1.87542104336122,1.80263482750397,1.73637286556021,1.67623137480818,1.61949036142673,0
"632",2.07548775546522,2.62531851050887,2.94463649308964,3.03040465832464,2.94214115246,2.7761647504709,2.5894356265387,2.41805386412135,2.26351912373935,2.13142657876937,2.00115707663891,1.89716762000661,0,0,0
"633",1.74429468047285,2.14677885349291,2.41739504780974,2.57104475259994,2.59788108608315,2.52346736499989,2.4052531051911,2.2717540854892,2.15052513586148,2.03775539760366,1.94333696354101,1.85779812529439,1.78481279867998,1.72113011493924,0
"634",1.53360771877001,1.83671582819434,2.07057625086642,2.25451347018415,2.33347665214816,2.31418738767714,2.23677587376952,2.14308382474929,2.0501095538432,1.95623548651867,1.86851105281115,1.78621855954137,1.71822565470258,1.6611240371623,0
"635",1.84427083759494,2.26262368669639,2.55781586647265,2.70427339153837,2.69893967646128,2.5932739504172,2.45766033731663,2.31408670361055,2.18059319388369,2.06364023977804,1.95378076025219,1.86884447298443,1.79938600717629,1.7302786523846,1.67199046540808
"636",1.43531353035095,1.70638911502697,1.94071883092037,2.12337304649689,2.21824690332376,2.22415387887483,2.17261846175074,2.09465692845078,2.0118229147476,1.92654108716128,1.84588857932192,1.78021227712184,1.7154943056391,1.65865936663995,0
"637",1,1.33117330983891,1.63484046704914,1.86532938981847,1.99337802861684,2.02140154712078,1.99000132786743,1.93476864154519,1.86345131663756,1.79362280085308,1.72425354979284,1.66149209068863,1.60653181751393,0,0
"638",1.43531353035095,1.57244591484521,1.74885292043467,1.88907411126632,2.00643963211253,2.05480446424044,2.04031165500012,1.98998457478107,1.92478882195341,1.85786174139587,1.78547732438477,1.71587583056809,0,0,0
"639",1.53360771877001,1.75596312000757,1.98943170674652,2.17862798681032,2.26841801455013,2.26220713194654,2.19769949586234,2.11081808522162,2.01538323322628,1.92484285060048,1.84339477170937,1.76942674781173,1.70322173426646,1.64758180732938,0
"640",1.22633248595251,1.42453524761725,1.58050440610072,1.72365898361993,1.84618133334321,1.91858252709523,1.92612242065128,1.89510773361695,1.84451240865425,1.78706784600676,1.72773384710272,1.67412137820309,1.6203561879466,1.56904882932105,1.52856075471812
"641",1.47135243346982,1.63445137413352,1.7213477266671,1.82600637881321,1.93725004659443,1.99770504638625,1.99911688763723,1.95972854257012,1.90304502706352,1.83574625480089,1.77134793518274,1.70716686554724,1.65003502608981,1.59951197512983,1.55636624078153
"642",1.81809859074631,2.38788762119892,2.7113449462492,2.84046011691813,2.79633060680846,2.65643383081571,2.50172694231539,2.3525711087863,2.21437929143335,2.08277703613027,1.95924711353937,0,0,0,0
"643",1.76017160979655,2.1439173259356,2.39351730309069,2.54995322323974,2.57935140094337,2.51081224147322,2.39695868126438,2.27592709111209,2.15488049901468,2.04811127205804,1.95831716646304,1.87562151895242,1.80544430681359,1.73571529207929,1.67691513363099
"644",1.39480598953532,1.83303542794871,2.14313955935536,2.33503396177532,2.39854197172088,2.35470967313212,2.2609831230674,2.15353426329031,2.05421319135754,1.95711193988691,1.87272104555369,0,0,0,0
"645",1.6101828400782,1.59274097599137,1.59115947196107,1.67330649516744,1.77540349323307,1.85285801645638,1.88076952708704,1.86433032979268,1.82613187801067,1.77598853681418,1.72731977063123,1.67304994680631,1.62115986954741,1.56977516870058,1.53102441956342
"646",1.65354853976121,2.13757857958143,2.44923467100901,2.61184497080604,2.62118653139593,2.53152229556056,2.40441444640727,2.27344789930329,2.15068897900271,2.04197205844294,1.94702282282097,1.86437030236137,1.78323446608936,0,0
"647",1.71049589656829,2.28575227851466,2.62117223923116,2.76448592355419,2.73513355856979,2.61192430814268,2.46078394860983,2.31132753923925,2.16980265270018,2.05104832635195,1.94284986696061,1.85502105880581,1.784279680226,1.7167171049115,0
"648",1.53360771877001,1.82081222195342,2.08858620193435,2.28234193732254,2.3594785589905,2.32694061396835,2.2406016854731,2.13819290623768,2.03714937964663,1.94765612810911,1.8644253031935,1.78579281670168,1.71333835831733,0,0
"649",1.9249414005432,2.48054592965865,2.80666961485674,2.9153965972564,2.85969637375778,2.71201980643062,2.54544341469024,2.38712383244027,2.23659199553935,2.10700005400092,1.99137862400533,1.89437178140847,1.80986537637283,0,0
"650",1.34836886301424,1.57522387393347,1.72230803993798,1.86454183021498,1.97046525300377,2.02592570241,2.02207744116287,1.98018551846153,1.91955491688385,1.85184498785312,1.78449762643323,1.72241666300389,1.66694150489015,1.61111176652376,0
"651",1.77544437079358,2.16284313407397,2.45127742948337,2.61356603923096,2.6272850782245,2.53674358868407,2.41031598185923,2.28136907192073,2.15396936703629,2.04165079370802,1.94316332980402,1.85946786863829,1.77887990745471,0,0
"652",1.47135243346982,1.71754317102881,1.91131823214134,2.07030950358615,2.17639579085369,2.1942166302433,2.14603014154794,2.07235549982635,1.99136403141741,1.90872225593008,1.82923789156103,1.7622405297192,1.69940711406433,1.64413754417756,1.5938300564063
"653",1,1.09491760026876,1.18533250526635,1.30873304715539,1.43623245493615,1.54249795488517,1.60409239632969,1.62317652792592,1.61475209915454,1.59186810132236,1.56137820624386,1.52806051964741,1.49028564533516,1.45644293957804,1.42261581501834
"654",1.58642437571285,1.741804944242,1.93201806893613,2.08050776509464,2.18173555158929,2.20194328248063,2.1563267143602,2.08374168904846,2.00406589675729,1.92318066500863,1.84613862626633,1.77622163556914,1.71524075736971,1.65463960502211,0
"655",1.63249684072392,1.95923326159647,2.19353384762589,2.35255799249849,2.41839840817633,2.38923537683807,2.30617973613398,2.20488308527685,2.10190041685543,1.99837152348503,1.9078426767707,1.82089780020569,0,0,0
"656",1.81809859074631,2.36606587143369,2.71201695597232,2.83916134483777,2.79246298630316,2.6592916273838,2.50295854436217,2.34722338540257,2.20010735231797,2.06825369284798,1.96636041953504,1.87573243832237,0,0,0
"657",1.84427083759494,2.22646654141559,2.51164049403233,2.65953748686635,2.66386981601182,2.57730983715728,2.44820869561152,2.31134028389739,2.18292394126771,2.06463053752072,1.95754317464242,1.87366722467685,1.79620275046969,1.72742155018511,0
"658",1.43531353035095,1.77648088601174,2.00714569888,2.19830739699348,2.28814962687391,2.27348831534904,2.20476544963774,2.11806021908581,2.0240148004252,1.93358607402327,1.85207518938872,1.77487072464092,1.70808717868531,1.65197412533869,0
"659",1.71049589656829,2.09845655644531,2.3573487056889,2.52427331022618,2.55934740507035,2.4906114678291,2.37027467390872,2.24624177833726,2.12463216110239,2.01337244654629,1.91979965094388,0,0,0,0
"660",1.22633248595251,1.50389136610246,1.7463079197064,1.93933233366298,2.06183138945776,2.091783088041,2.0552457355294,1.99179055424245,1.91658650195083,1.84258027331167,1.77288192803241,1.7110602936583,0,0,0
"661",1.43531353035095,1.84473395748247,2.12844681443019,2.32072311259004,2.38651263125445,2.34958276729422,2.26370268913108,2.15971476549906,2.06036088948836,1.96165844642561,1.87325863240814,1.79587085763208,1.72231504640405,0,0
"662",1.74429468047285,2.17360952433442,2.46690080575431,2.62447147231699,2.63766394558772,2.54601994565087,2.41491279064604,2.2813391006486,2.15551958790534,2.0323868810436,1.92261407272564,1.83717910762566,0,0,0
"663",1.50389136610246,1.78345837766167,2.07585111463565,2.2642749562861,2.34167459143974,2.31751404894944,2.23722273552061,2.13852977438376,2.03460670628036,1.94012300147448,1.84905299098146,1.77219712576355,1.70122269885217,0,0
"664",2.01075162089132,2.61756395568779,2.9337132906958,3.02366541545452,2.93720984555801,2.76909730857743,2.58800222381727,2.41486662525685,2.26389787708928,2.12708793119923,1.99742273992056,1.89389943161105,1.80944632817829,0,0
"665",1.13737995650662,1.33765974526633,1.5042369959939,1.67481291628092,1.81495426813303,1.88689726382585,1.89281283647036,1.8606833311596,1.81207988802869,1.7501156539549,1.68940535534475,1.63047112901083,1.58281351821662,0,0
"666",2.18938976642761,2.92296542560144,3.26128308359019,3.27231993548924,3.10252503342901,2.88289592957206,2.67109588585724,2.47219874129165,2.30170706429374,2.13371499683062,2.00312649592442,1.90468537769918,1.82379828462433,0,0
"667",1.86890919007765,2.21143835669985,2.47223526824445,2.62439852695418,2.63870123925758,2.55372003809115,2.43167655952045,2.2976774953796,2.16889661212514,2.05146976267249,1.95017671094337,1.8614776238113,1.78534927497288,1.71767757350059,0
"668",1.88071296623518,2.36895560800947,2.65159126933009,2.78921100101265,2.76653969162086,2.64706956753501,2.4941455761411,2.34487947850028,2.20669068245535,2.08505574890376,1.98099858269595,1.88861814405133,1.81229088543833,1.7418578596558,0
"669",1.56099495215894,1.82079184676081,2.05682393966009,2.24060138010856,2.325025561472,2.30716601495087,2.23037004138601,2.13462763348625,2.03126513850744,1.93862739468671,1.85436525287308,1.77914478596038,1.70741486072131,0,0
"670",1.43531353035095,1.80471740221804,2.07251119960713,2.25232987447137,2.3273131202416,2.31139636603417,2.24191782614358,2.15239057406592,2.05379636979567,1.96304686453682,1.87690572245031,1.79909808259807,0,0,0
"671",1.77544437079358,2.33790483054637,2.71283653552121,2.83885707718483,2.78570502718836,2.64361050031827,2.48352731593718,2.32545172555526,2.17566815696213,2.04965010850644,0,0,0,0,0
"672",1.39480598953532,1.50967067235614,1.61823248166091,1.74779993409349,1.86408845054846,1.93220859707978,1.94281111453962,1.9130803289123,1.8656320061831,1.80691663920556,1.74356913585306,1.68591841700711,1.63273538089438,0,0
"673",1.43531353035095,1.49411941746401,1.6205772301734,1.73811001535943,1.84902658928042,1.9176234122065,1.93322392323785,1.9086545110454,1.86168141258278,1.80725170205427,1.747936368409,1.6934261273417,1.63948583682884,1.58996550216346,0
"674",1.63249684072392,1.78938877328811,1.91046039381936,2.03984483624945,2.1327754247394,2.16354495609118,2.13804338135636,2.07795587885697,2.00503908862556,1.92556648856603,1.84676873719558,1.77241599763627,1.70589344812409,1.6537741329005,0
"675",1.77544437079358,2.34522408770569,2.68574688829713,2.81533940265935,2.77498292140102,2.646137948926,2.49471176506422,2.3436083186666,2.19804715662573,2.07246443450002,1.96435070717785,1.86493507780592,1.78373607206048,1.72410207943761,0
"676",1.58642437571285,1.91482863704507,2.16643040655442,2.34308639499805,2.40953377973104,2.37470147083605,2.28733279487835,2.18414015988012,2.07987512528613,1.98569423987808,1.89777654512585,0,0,0,0
"677",1.63249684072392,2.0136871104375,2.31283451753454,2.48141947059166,2.52243615178117,2.45818776108961,2.35064048896996,2.23221917192726,2.11681296861114,2.00271588616127,1.89686896085843,1.80571765027987,0,0,0
"678",1.43531353035095,1.70231125107335,1.90461857808907,2.07819326827338,2.18249759454935,2.19588856514997,2.14844009490358,2.07434147394613,1.9908294314897,1.90987559067694,1.82642675609703,1.76146741740184,1.69610631771762,1.63740533235843,0
"679",1.53360771877001,1.80319646331671,2.04135229407329,2.21454883334387,2.30066204358829,2.29310780497278,2.22436788339831,2.13489840876754,2.04198437934895,1.95443743229382,1.86935867251236,1.79561675252426,1.72927420024445,1.6710911842143,1.61831343224581
"680",1.53360771877001,1.93495500485653,2.22955136753276,2.41705938368377,2.46547763221072,2.41118207380319,2.3105451813008,2.19156890347175,2.07996638910363,1.98211815639639,1.87897792242463,1.79545278008714,1.73101393071885,1.6726602475506,1.62299909123021
"681",1.22633248595251,1.61070347772576,1.90563546912406,2.11165083591583,2.21176232425066,2.20673198360098,2.14431694079601,2.05784372639106,1.9670105412906,1.88401528434239,1.80204867532947,1.73446110654783,1.67451758908245,1.62165180429768,0
"682",1.50389136610246,1.75178970294421,2.01932051717061,2.21672559929477,2.30431408936744,2.28298260985285,2.20483010099886,2.11217635547975,2.01687256008847,1.92546012714438,1.84154761114749,1.76241212387919,0,0,0
"683",1.85676918569976,2.25907602912213,2.55980846115216,2.71132915876168,2.70306980147567,2.59686435714978,2.45323665779936,2.30864202378354,2.17112951517242,2.04937904732922,1.94140036617498,1.84481323918285,1.76585811773832,0,0
"684",1.96511686213595,2.54436154763609,2.86824926861832,2.97228613770455,2.89220011353865,2.73445922231379,2.55999926578979,2.38990575405157,2.23979098157931,2.11110464921769,2.00505402789991,1.91407084214035,0,0,0
"685",1.67348676678581,2.01079276717965,2.23093068634733,2.39659805621032,2.45658226560233,2.41443887877157,2.32274222789632,2.21183075064436,2.10419318152304,2.00766992031597,1.91349611877392,1.82913507146932,1.75922856024567,1.69421081282865,0
"686",1.72775759841212,2.11086675445828,2.39824034557654,2.5607671896959,2.58611659160935,2.50946807509939,2.3921574141498,2.2640268028419,2.14622087572231,2.03583506470276,1.94165815535071,1.84503935849369,1.76605909849097,0,0
"687",1.34836886301424,1.36846276158841,1.52894853477167,1.66597166693337,1.79934549730668,1.87568626018305,1.88852728186899,1.8605863534269,1.8094308517988,1.75198875587063,1.68887174942774,1.63205823968512,1.57594206794961,1.52887119651506,0
"688",1.56099495215894,1.93983027830485,2.21565457138803,2.38972440758889,2.44858149692754,2.4045449673236,2.30838238933005,2.20042753830586,2.09471805064636,1.99489377118342,1.90233103233495,0,0,0,0
"689",1.34836886301424,1.4331553436808,1.60902017190472,1.76867700905869,1.90028667584158,1.96168840180828,1.9569979084932,1.91636174130788,1.85936611012895,1.79250174117979,1.72781278866176,1.66839970388422,1.61697529752219,1.56958089221785,0
"690",1.29363316546299,1.507129445382,1.74468189740553,1.913312173864,2.03865984841407,2.074627005244,2.04556518406008,1.98776326787167,1.91683069264194,1.84627570277018,1.77614099649768,0,0,0,0
"691",1.58642437571285,2.04648600687484,2.3977096229797,2.57730911344343,2.58308829600485,2.49442769458148,2.36650865629565,2.23137876602664,2.10847746723099,2.00550502169026,1.90326727678751,1.8241989157183,1.74752814660122,0,0
"692",1.34836886301424,1.4631943557559,1.63864133592575,1.80039525193148,1.92350736536369,1.98407358065308,1.97783929980794,1.93647985874578,1.87838151500207,1.81257756681392,1.74094943039499,1.68259215971109,0,0,0
"693",2.0601249304085,2.58747904958557,2.88554103824876,2.98705656649273,2.91473092051542,2.7535359460989,2.57544633361121,2.40895447237835,2.26025252753315,2.12863006166487,2.01891549558389,1.91270289450541,1.8261221968737,0,0
"694",2.08298592438455,2.59220124218679,2.90860207522489,3.00136048395436,2.92374631649545,2.76475847240126,2.5872984178335,2.41739757641356,2.25439518973376,2.11896962650626,1.99043349134507,1.88778137033967,1.80876352058464,1.73869339564235,1.6796123786171
"695",1.22633248595251,1.40652492533868,1.56997457405356,1.74399725263641,1.87229844039647,1.93861499337955,1.93882032060918,1.90097883866883,1.84617719496625,1.78713098644798,1.72108432979926,1.65867294090326,1.60400047534758,1.55782285075952,0
"696",1.43531353035095,1.56209147890845,1.7521921450928,1.91531729487827,2.0324111412069,2.07460743562666,2.05323590210238,1.99735169809077,1.93007293252213,1.85565412877453,1.78256329298609,1.72069316973495,1.65526478279444,1.60639212939808,1.55950167174359
"697",1.22633248595251,1.43267061891174,1.66740712039708,1.87229094746188,1.99929526548379,2.03863579052789,2.01118592456395,1.95431444527956,1.88362631342574,1.81781573247547,1.75181365713469,0,0,0,0
"698",1.65354853976121,1.9247769835719,2.18486298373073,2.35846817603194,2.42129311415193,2.38436917326096,2.29511210050614,2.19193611455174,2.08854988950633,1.99014889564956,1.89949098473736,1.8080215521161,1.74036463012289,1.68109184741189,1.6273912511063
"699",1.29363316546299,1.53230035691097,1.74368366827024,1.91004285754006,2.03175259080978,2.07235385485552,2.04819998591022,1.98893728407928,1.9190743748924,1.84039185034463,1.77315625436338,1.71130468640056,1.65120893928961,1.60639014084655,1.55949986189427
"700",1.47135243346982,1.70317434130669,1.89130800290553,2.05539228031273,2.16107865130237,2.18118839836314,2.14042036822544,2.06461865085515,1.98159949746062,1.90063620937538,1.82754948659905,1.76073903111639,1.69991501255438,0,0
"701",1.58642437571285,2.04039636125674,2.34160838782902,2.5218021677392,2.54925450236493,2.47327210192529,2.3596542947447,2.23367916587673,2.11590134499313,2.0069213645969,1.9095247459781,1.81683569215492,0,0,0
"702",1.39480598953532,1.67802818086468,1.94831802914624,2.15021480205102,2.24243331778098,2.23607348908172,2.17339025643079,2.08594552691928,1.99399737365342,1.90626558035243,1.828971983603,1.75442382308645,1.69240643321428,0,0
"703",1.39480598953532,1.62279900776702,1.86897122907684,2.04990895658592,2.1598734415259,2.17354000304942,2.12571981447465,2.05123342604157,1.96698077909217,1.88509208808896,1.8103412765152,1.74182741626813,1.67853886150313,0,0
"704",1.95540833946677,2.46487891773377,2.76219433977741,2.8799230749479,2.83423687542671,2.69733626239201,2.53440730627928,2.37792188600789,2.24315267023479,2.10936093478693,1.99868393356288,1.90078574797307,0,0,0
"705",1.50389136610246,1.68764023767194,1.91683030186893,2.09489208615524,2.19858163309022,2.20679235277623,2.15146708380181,2.07437356269904,1.98820298803851,1.90186024638509,1.81768873176412,1.74835198501739,1.68437647558434,1.6327454429924,0
"706",1.67348676678581,2.00393577286297,2.2987904194424,2.46889408611899,2.51099459600967,2.45166460626075,2.34557780887653,2.22901175927662,2.12085143430211,2.01687122070933,1.92402628638887,1.83515108669676,1.76460073060573,1.70293171805137,1.64720407260475
"707",1.43531353035095,1.76857066382149,2.01454508454804,2.19355669211259,2.28162238859967,2.27494614669243,2.20894515314704,2.11875589879939,2.03072048346421,1.94158096674036,1.86000799504537,0,0,0,0
"708",1.34836886301424,1.39390092296477,1.51104816409472,1.6471147461303,1.77027361985081,1.84852207472812,1.87059576522798,1.85187711425494,1.81189197007629,1.76080979882554,1.70748362150095,1.64865347978486,1.59745441211083,1.54834086071143,0
"709",1.13737995650662,1.36252531371428,1.4745363548091,1.57368961833568,1.69056688188789,1.78170539440242,1.81301692769905,1.80071448121624,1.76484736542115,1.71850597663566,1.66827172435115,1.61525739975763,1.56087214135397,1.51522167442854,0
"710",1.56099495215894,1.98199643407777,2.27536568574617,2.46037853770192,2.50222960766789,2.43626269315932,2.32516174494377,2.20311567151514,2.0844264123354,1.96645505547756,1.86536270114671,1.78662159731034,1.71407670404601,1.65359151688336,0
"711",1.63249684072392,1.85028754252936,2.07634362208194,2.24383348270825,2.32556749246416,2.31236223027901,2.24185218694675,2.15156051076852,2.05335834662288,1.95637152878051,1.86714478095895,0,0,0,0
"712",1.56099495215894,1.97116760413896,2.26440072977696,2.44231310229306,2.48941539045714,2.43077700665449,2.32688533837575,2.21286799725721,2.09671134008738,1.98814096312657,1.89888758606183,1.80749138361746,1.73721902727723,1.67441949684986,0
"713",1.50389136610246,1.64141542317505,1.80970757462104,1.97039847274342,2.08202093121091,2.11702356959747,2.08917835253986,2.03011277563766,1.95656189545832,1.88136774644006,1.80931195064933,1.73920646951014,1.67877129542278,1.62178059299973,0
"714",1.58642437571285,1.97383829587057,2.22729010980279,2.39464041081261,2.45396894379029,2.41011101586465,2.31720976303406,2.21068546659783,2.10488881895804,2.00487014166823,1.91236678283133,1.81933162624585,1.74319806679262,0,0
"715",1.77544437079358,2.23025961363631,2.51019894815607,2.65711380759641,2.66497442844307,2.57424935768652,2.44411561406889,2.30655398789203,2.1783992640941,2.0468873717696,1.93923656298352,1.84853873001507,1.77382308155724,1.70732532237328,1.65118796323505
"716",1.72775759841212,1.96775913217174,2.16844952135148,2.33604496100078,2.4039966388835,2.37771125143536,2.29390935260695,2.19078582464168,2.08556983633884,1.981723939479,1.88256898393364,0,0,0,0
"717",1.22633248595251,1.28459431558451,1.45337287460125,1.59344712523688,1.72034721828148,1.80477778184922,1.83228024559105,1.81658551007285,1.77794463214409,1.73144715781011,1.68238669229642,1.62421737164666,1.5689103944616,0,0
"718",1.50389136610246,1.80367687437779,2.0169858110002,2.21276083667639,2.29878494785104,2.28280195359525,2.21094359577673,2.11864409281266,2.02274635137051,1.92983883503617,1.84391923129001,0,0,0,0
"719",1.47135243346982,1.49982123575483,1.66297326376228,1.84416318601108,1.96905198866918,2.01985657846406,2.0043653900383,1.95491768268585,1.89121572764878,1.82349857164659,1.75683313269779,1.69258897150217,1.63443377844648,0,0
"720",1.34836886301424,1.62470211108677,1.86461061695014,2.07010279423305,2.17450814820125,2.18039882296703,2.12822506678442,2.05150868623232,1.96526792642706,1.88249787079465,1.80241264203808,1.72781141699838,1.66599327953737,1.61025638102142,1.56301839611086
"721",1.43531353035095,1.76857066382149,2.02733741058542,2.2125529710209,2.29762923155466,2.28644483650648,2.21632341251405,2.12363021975184,2.03136677140169,1.93572663939127,1.84521179892215,1.77277461601792,0,0,0
"722",1.39480598953532,1.55218534950355,1.64846048705489,1.77293468402683,1.88388800257478,1.95078027636917,1.95834921945892,1.92642961816939,1.87595601496347,1.81766680117643,1.75757097521573,1.70079108417916,1.64610586103746,1.59809466361757,0
"723",1.39480598953532,1.78477836407411,2.07319213223802,2.27518879716681,2.34884107605743,2.31517265485537,2.23236473032129,2.1356068647581,2.0379339176912,1.94223735085891,1.84815524741773,1.77140286890184,1.70051470027412,1.6413770794613,1.59132117494636
"724",1.29363316546299,1.2571516829678,1.36441261119562,1.50192655051295,1.63008472966998,1.72369987195204,1.76271643658818,1.75865353472977,1.73047036693823,1.69146254483038,1.646084460972,1.59669658911739,1.55065378405153,1.5059614462518,0
"725",1.56099495215894,1.83552498395546,2.0890422988179,2.2777212910216,2.35554668288833,2.32726057914109,2.24256003210215,2.14596165577369,2.04305048762832,1.94744131947472,1.86209205108255,1.78598680018768,0,0,0
"726",1.81809859074631,2.22190546955528,2.56423344459192,2.72129719076962,2.69919911238364,2.58407433188083,2.44159130215391,2.29565042036683,2.16013042325471,2.04602790511518,1.94698178867241,1.85866242270103,1.78284193293251,1.71542598431815,1.6585315414981
"727",1.69243478358413,2.25505847527306,2.58916250110255,2.73810392195975,2.71361867438173,2.5981862236602,2.45709393244561,2.30963553412403,2.18147485618349,2.06228259189921,1.96370015374614,1.86436495148875,0,0,0
"728",1.43531353035095,1.73563002181135,1.98864133641256,2.17013386659915,2.26358168857793,2.25709210650533,2.1960582410634,2.10837110345764,2.01700628014961,1.92625201004054,1.84654236763914,1.76997583803757,1.70371252100503,1.64802490679096,0
"729",1.29363316546299,1.58444956407981,1.81487463617461,1.99271914928617,2.10385851937038,2.13028512294227,2.09485829172812,2.03195399984027,1.95769711576018,1.88095810394143,1.81019735294159,1.74903020085413,1.68498319448386,1.62738085352996,0
"730",1.13737995650662,1.24440899788243,1.35080624539506,1.46417809875185,1.57345968610551,1.66690813465282,1.71812072960652,1.72554396104589,1.70550570697455,1.6716026758234,1.63558825729695,1.5966993203903,1.56052568747823,1.52041256918073,1.48409733451107
"731",1.98392580781093,2.51969375632271,2.82322386479762,2.93126417840934,2.87236708818125,2.72438275943131,2.5563372624484,2.39946667771456,2.25623140543754,2.12643098825085,2.01350547954493,1.91963317837463,0,0,0
"732",1.43531353035095,1.69381426966244,1.89837412041704,2.06849267910365,2.1706722931747,2.1892824035278,2.14278354083582,2.07195996446915,1.99102195875627,1.91332482545925,1.83984792129386,1.76405175343612,1.69396085679021,0,0
"733",1.6101828400782,2.00572766215777,2.30395547994812,2.48610196260722,2.52190889617591,2.45380616036852,2.34141608740215,2.22424812212601,2.10305004052707,1.98924358207578,1.90088582406299,1.82209187377934,1.75024577930127,0,0
"734",1.43531353035095,1.42667491921312,1.56683698236441,1.70913732025369,1.83326068898391,1.9058092101017,1.91603330693802,1.88750184790922,1.83946788770356,1.78346665452717,1.72989513304211,1.67926458853958,1.62675088650725,1.58321790376134,0
"735",1.76017160979655,2.06009818770421,2.31491746873145,2.47458635179729,2.51946216897917,2.46294426712104,2.36363767028687,2.25040712233393,2.13942681335552,2.03530955496009,1.94457111667599,1.85888717260732,0,0,0
"736",1.98392580781093,2.54430910908808,2.86580767179448,2.96876720588798,2.89693601140051,2.73564397926588,2.56079744556935,2.39743738378766,2.24528698143842,2.11705183152621,2.00725002659598,1.91412745945119,1.83219210878307,1.76777652070683,0
"737",1.13737995650662,1.36980283757124,1.62004738274913,1.81872877141234,1.95171761487612,1.99856710390484,1.97930883966446,1.92742312391486,1.86365311645656,1.79827020763198,1.73765914693926,1.68423322482724,1.63372856980158,0,0
"738",1.63249684072392,2.10339760189692,2.43771516176559,2.60858085124489,2.61394997070605,2.52059557321907,2.38780242604006,2.25131740141163,2.1225496096032,2.00600413058842,1.90652879690997,1.82529306893682,1.75579707563306,0,0
"739",1,1.23578958478389,1.37670332487269,1.50813311987116,1.63052537957766,1.72402023077729,1.76447911689079,1.76083161777203,1.73295399187953,1.69404300727901,1.64559518473988,1.59625849516225,1.54381710544636,0,0
"740",1.56099495215894,1.65199835260286,1.79385262335215,1.94347825414005,2.05589060776412,2.0968311596264,2.07440708041217,2.01570918588693,1.94479725099852,1.87171927944625,1.80457509841076,1.73500298751514,1.67243128733127,1.61606341261805,0
"741",1.34836886301424,1.59193256882389,1.78153775269796,1.94339833060997,2.05321186094245,2.09403906805109,2.06994011671045,2.01504303761413,1.94271356474613,1.86925828287385,1.79863387901377,1.72754362607028,1.66138317329489,0,0
"742",1.65354853976121,2.05161842288261,2.31005008839767,2.48178822989901,2.5230224449758,2.46018485556863,2.35555622467816,2.23673114889728,2.12426233880624,2.01603652208527,1.92080448845269,1.83558289105609,1.76227601755066,1.69694982855758,1.64177897488654
"743",1.71049589656829,2.21755643732184,2.54214733702985,2.6953964630824,2.68472659930429,2.57540433241636,2.43893664473136,2.29606573392986,2.16901515316925,2.05266791490165,1.95530637272891,1.86599687605596,1.78467908004506,0,0
"744",1.53360771877001,1.774790855354,1.93797512312145,2.08109252460934,2.17734967838894,2.19970735380302,2.16290747524791,2.09145682771543,2.00937750023258,1.92845396395298,1.84756857313811,1.77628756511272,1.71648558274028,1.65955388943455,0
"745",1.58642437571285,1.77418311082531,1.99114972826703,2.17018455641568,2.26298365131113,2.26107851691821,2.1999117029211,2.11003995166457,2.01894301326812,1.93134145139501,1.85101414277593,1.76538632136147,1.69515082762334,1.6402938871609,1.59033663061446
"746",1.53360771877001,1.89283674612409,2.09524935313232,2.26985225965567,2.35115721929227,2.33085488883129,2.25086575983127,2.15118442193368,2.05383135829642,1.95946375104543,1.86809200539395,1.7890344716677,1.72074075655771,1.66339334303925,1.61456784375318
"747",1.65354853976121,1.97102812065535,2.2128510642419,2.38741022592764,2.44394389270628,2.40301366680938,2.31225505744398,2.20798339442649,2.10590147873847,2.00629442769341,1.91477518708603,1.8214465120875,1.74507963120276,1.6814897828549,1.63102969412633
"748",1.50389136610246,1.73320597359371,2.04807739160998,2.24971639141419,2.32765135030298,2.29652875939777,2.21480728989427,2.12124229189248,2.02400814905882,1.92847329049451,1.84272317679002,1.76345060507766,1.69342482034702,1.63498909174555,1.59057694955347
"749",1.77544437079358,2.34846885254832,2.70374849841453,2.83504806913607,2.7824327580714,2.64569562869298,2.48396737673587,2.32955814121433,2.18961822459231,2.0528395922986,1.94034235170842,1.84951169742045,1.77003386897388,1.70782492738985,0
"750",1.29363316546299,1.33117330983891,1.43054893497195,1.53332543225234,1.64344383607531,1.7346305032441,1.7769036083817,1.77286344210099,1.74377049635237,1.7035289069821,1.65649648700826,1.60962724497816,1.5664209459992,0,0
"751",1.43531353035095,1.71036145348672,1.94087337019028,2.1218300596529,2.21965935665791,2.22461355979355,2.17003394728427,2.09074953975293,2.00499657845344,1.91870777888519,1.83562684062073,1.75718100721259,1.68783351982806,1.63587289991313,0
"752",1.58642437571285,2.08815336696829,2.41379059168864,2.58565794835096,2.59558630392706,2.50909038276278,2.37853909020606,2.24691536308341,2.12520555820331,2.0138664134483,1.90654782225279,1.819756990463,1.74816306763047,0,0
"753",1.77544437079358,2.25997246323725,2.56451018167441,2.71537492158476,2.70410472504738,2.59676080538563,2.45627148275261,2.31504819524489,2.17950079026044,2.05938059403379,1.94600893733154,1.8578051256048,1.78481904359751,0,0
"754",1.6101828400782,1.8239516292453,1.99586046228077,2.14789251454667,2.23955960996797,2.24847857832136,2.19808864843931,2.12001240573198,2.0360103642161,1.94998698407477,1.86647051332757,1.7942711346314,1.72807083099376,1.6661883885618,0
"755",1.91429882024038,2.36348846764876,2.71828795074636,2.85077359088319,2.79926215609596,2.65504047297605,2.48991318724576,2.33489308812201,2.19630827261016,2.06927682382039,1.95457936727056,1.85637022437847,0,0,0
"756",1.69243478358413,2.08032177806601,2.33702338937822,2.51369990735314,2.54730671193615,2.47778427916742,2.3671095605923,2.24886779018836,2.13018356832914,2.02200083985096,1.92734007418097,1.83247677206963,1.76221278153522,0,0
"757",1,1.12122775695565,1.23929857703521,1.36630142187531,1.493878302369,1.59654025328129,1.65291258121221,1.66428753612269,1.64937267489339,1.61983157870867,1.5832815690691,1.54232946351817,1.50551536098739,1.46836285085146,1.43641465120066
"758",1.89220058193626,2.27737811278322,2.53479158187702,2.67336625106125,2.68086363651252,2.59053819990779,2.46126540199727,2.32229416762247,2.19758877625219,2.08168255727627,1.97235836491942,1.87766373169864,0,0,0
"759",1.34836886301424,1.41503603799277,1.46148520731579,1.52343999431048,1.60753000578814,1.69166080350053,1.74229137505953,1.75206264284737,1.73454494600644,1.70299014167096,1.66229838860738,1.6181702217072,1.57172211693556,0,0
"760",1.43531353035095,1.70638911502697,1.92063778643738,2.08911230087345,2.19363636249142,2.20550545122459,2.15521816004462,2.07484138978572,1.9870775702747,1.90454549027858,1.82827958256348,1.76035477298114,1.69511146230261,0,0
"761",1,1.24337188870666,1.44954043924278,1.62616322055388,1.76803264593018,1.84323764518176,1.85831640769565,1.83371565065575,1.79055316346382,1.73811319300921,1.68654039557048,1.6349522970459,1.58685258091219,1.53874791345844,0
"762",1.39480598953532,1.4257234669987,1.48817655791737,1.58532482146264,1.68284436910327,1.76616681415644,1.80697762753176,1.80483528665942,1.77600252524419,1.73213065196664,1.68573326143781,1.63714525321055,1.5901731893336,1.54528530702909,0
"763",1.39480598953532,1.6050113081941,1.852977467201,2.04261976591462,2.1481916793593,2.16619941081439,2.12333849803146,2.053507205384,1.97470677702514,1.89376336056655,1.81609228554017,1.74952013308287,0,0,0
"764",1.39480598953532,1.57726039787058,1.73880320095124,1.8824766542723,2.00198585857966,2.05066518977249,2.03519593873048,1.98325133204087,1.91700680887723,1.8496101014522,1.77820667588769,1.7158035033424,1.65959351112,1.60448235812364,0
"765",1.22633248595251,1.54351561649847,1.77847083498837,1.97815848125474,2.09394304093446,2.1180486233125,2.07865012264952,2.01119395272046,1.93733719885659,1.8592475087237,1.78341359775575,1.71789804979198,1.65276786056778,0,0
"766",2.0278002914085,2.52868243819273,2.8318656752136,2.93966397926299,2.87978557303536,2.73596207439362,2.57085580240187,2.40708572783893,2.25661824202687,2.11359501800694,2.00236122248466,0,0,0,0
"767",1.39480598953532,1.56938760006558,1.77575190123283,1.94447616057838,2.06205779595041,2.09592092558699,2.06964965551707,2.01135353044879,1.93966937585745,1.86274342442292,1.79146154673787,0,0,0,0
"768",1.13737995650662,1.40628557604562,1.60964608866031,1.7701939212444,1.90741779495063,1.96484987683246,1.95714875817033,1.91439222919234,1.85421741959071,1.78754081620845,1.72914487304009,1.6720581472859,1.61601645807677,1.56512631761692,1.52191380701233
"769",1.56099495215894,1.96631651964154,2.24943257599974,2.42498505265413,2.47643435447447,2.42246926185305,2.3217349322452,2.2083382940704,2.09382042696876,1.99471402578355,1.89669043035108,1.81837941406325,1.74235085491445,0,0
"770",1.56099495215894,1.91309531804235,2.16622950152192,2.33444017023568,2.40352570731601,2.37388133363388,2.28793976744196,2.18571733988638,2.08182157168388,1.98488637632926,1.88812269167026,1.79803076523791,1.72423844518313,0,0
"771",2.17112040532128,2.87278419369679,3.21082785037764,3.23798219704243,3.07732282450689,2.86003745281783,2.64805801321574,2.45650497680265,2.28409653479217,2.13990871342045,2.0198710733186,1.92523448689981,1.84489521494263,1.77514622938468,1.71260418480008
"772",1.83138968861584,2.41642310180476,2.75545477937478,2.87743370945142,2.82279275005869,2.67811458828535,2.51257840347938,2.35006934565581,2.2014523402352,2.04905633156187,1.93706415937463,1.84100939677395,1.76247689924285,0,0
"773",1.6101828400782,1.88769237847642,2.12866910621793,2.30707024266566,2.37963713481756,2.35200106812823,2.27086855325801,2.17015992539732,2.07340619817314,1.97515606129354,1.88854220429004,1.80388724805965,1.73400221494932,1.67152549357058,0
"774",1.88071296623518,2.43703245242742,2.76266607586916,2.88517760652894,2.82842191936355,2.68485635045095,2.52442986795361,2.36546571522615,2.2183205606026,2.07728816757158,0,0,0,0,0
"775",1.53360771877001,2.01542568805101,2.3934083999719,2.57166139962536,2.57665684209739,2.4823704269759,2.35424049743498,2.222836210778,2.1012112359866,1.99073146777755,1.89041127026357,1.81427527277012,1.73869891383734,1.67575075588707,0
"776",1.65354853976121,2.01968754267586,2.3270581316129,2.50094964378962,2.5347039833015,2.46542971362051,2.35504608229992,2.2361198660357,2.12092959426811,2.01556199649292,1.92171337101299,1.83311461420043,1.76007547392024,0,0
"777",1.67348676678581,1.94352338047977,2.19842354688328,2.37373768843296,2.4348827070334,2.39461159521191,2.30240744820249,2.19233645884025,2.0823418187438,1.98355121227749,1.89371781092151,1.81843606910565,1.74698472365742,1.68705941161585,0
"778",1.6101828400782,1.86653210154575,2.09204451469448,2.26719964217365,2.34648787074651,2.32774862287763,2.25079292890003,2.15388801316833,2.05739719951454,1.96128718325438,1.86476494978928,1.7774887442744,1.71042660114578,0,0
"779",2.01935484123312,2.71106231626058,3.04049383787257,3.10776352829311,2.99218904532461,2.80347680436032,2.61350278495674,2.4308144093973,2.26565300708881,2.1241945255476,2.0020781564972,0,0,0,0
"780",1.50389136610246,1.84040053315897,2.11596279343088,2.31012747349156,2.37835130043077,2.34487221964579,2.25754515607597,2.15773078970573,2.05692498235095,1.95946053219072,1.87478098659668,1.79175058013298,0,0,0
"781",1.43531353035095,1.63593764708464,1.83752959887491,2.01122870931043,2.12285978986839,2.14814448208769,2.1089803763017,2.0401954312131,1.9642003157287,1.88837027589173,1.81322691354475,1.74047767818981,1.67293032507956,0,0
"782",1.39480598953532,1.71835010495535,1.90497946014193,2.06192712650566,2.1646113579514,2.18664273645893,2.14475878337419,2.07093237985656,1.98923717416922,1.91023973229469,1.83156617577922,1.76745817010543,1.7073812417415,0,0
"783",1.29363316546299,1.29993667826071,1.50551338723511,1.68344644823615,1.82000064108908,1.89056275190772,1.89629853743324,1.86637938279235,1.81695964596635,1.76299771602564,1.70332678331321,1.63994405272947,1.58717579360655,1.53904043182009,0
"784",1.47135243346982,1.76791427865909,2.11340234032305,2.32222200667052,2.38132148846312,2.33317604222615,2.24047729500413,2.13033330401958,2.02296094477395,1.92321947730494,1.82120895845851,1.73913022408488,0,0,0
"785",1.65354853976121,2.10133386687082,2.42147534558136,2.58915104111355,2.60284818044007,2.51519520782331,2.39376570216116,2.26357274423526,2.13371893294764,2.01143889318872,1.91346447709005,1.82585010254302,0,0,0
"786",1.74429468047285,2.23443385542703,2.57676412858683,2.72344048020703,2.70762249351471,2.59152262908617,2.4434857842355,2.30483078927271,2.17213279557011,2.03286461743438,1.93549647597137,1.85269456658929,0,0,0
"787",1.83138968861584,2.35952431979199,2.67423977485516,2.80972113187689,2.77353790395973,2.64544513984182,2.48902337811637,2.33885763270936,2.19748342856429,2.08232242452993,1.97861794756044,0,0,0,0
"788",1.89220058193626,2.30300021135261,2.59735117430838,2.73763880876856,2.72573110260171,2.61809219290514,2.47631784460356,2.33208818810844,2.20307303897324,2.08480214676591,1.97734252329077,1.87631769739429,0,0,0
"789",1.80436728744931,2.3007485786482,2.65535403880875,2.79335234273363,2.75541840492144,2.6282002858429,2.47632529913901,2.32636390015646,2.18612343184334,2.0498607543246,1.93776123323124,0,0,0,0
"790",2.00198390899458,2.5603761723264,2.87181406568034,2.97555080107254,2.90410394428443,2.74653262763911,2.56953993737692,2.40335416842391,2.25194717043717,2.11487531696333,0,0,0,0,0
"791",1.79016191070981,2.32320386679879,2.67572084662294,2.81069130851909,2.77010448130604,2.63781728878503,2.4792925449284,2.32916766736908,2.19146064213828,2.06681802643754,1.95245029497723,1.85450359632965,1.77446958533255,1.70790609821946,0
"792",1.6101828400782,1.91518918563375,2.17937682816699,2.36258448181101,2.42539936506468,2.38329529042816,2.29023904659446,2.18024696234527,2.07354537968534,1.95980382594084,1.87163511124103,1.78353276766155,1.71132479688612,1.65111357114379,1.60339089246571
"793",1.63249684072392,2.11630319689819,2.44585652184229,2.61007035925344,2.6195851836854,2.52641741634245,2.395033487679,2.26416091912674,2.13566068768229,2.02168780348709,1.90650486050519,1.81418325465262,0,0,0
"794",2.01075162089132,2.51366419374232,2.83658015689496,2.9463094795067,2.87939978053637,2.72460591227911,2.54790029777113,2.38073635607396,2.23120505985024,2.10238608713397,1.99449999724055,0,0,0,0
"795",1.47135243346982,1.89496137327058,2.20773204976695,2.40151311407513,2.44990586175221,2.39315872224756,2.29385628599231,2.1831195918911,2.06862136109669,1.96264217625688,1.86871712345293,1.79626461721352,1.73629612921831,1.67967065451338,1.62610140969319
"796",1.13737995650662,1.29363316546299,1.50215759792385,1.68276161103146,1.82473665838787,1.89328416911232,1.895613614448,1.85958591187616,1.80589096626504,1.74918382515751,1.69178705740351,1.63465859383075,1.58242524178322,0,0
"797",1.13737995650662,1.4008961484125,1.66931880458497,1.88465189458206,2.01218229557882,2.04227165915045,2.01357630566257,1.95244388614571,1.88293624165518,1.81172432212527,1.73856221282967,1.67123404012369,1.61776103312933,1.56670325491991,0
"798",1.43531353035095,1.62247906653039,1.75775286650032,1.91235083605934,2.03059847860447,2.07378318471284,2.05333890469068,1.99725727797697,1.92862483109375,1.85517401679419,1.7903768827998,1.72664045443241,1.66750540229372,1.61162043788174,0
"799",1.47135243346982,1.76791427865909,1.97274726086679,2.15687414168266,2.25029929614076,2.24863394738588,2.1898039499445,2.10527928411827,2.01753265278531,1.92961065078043,1.84858437187362,1.76862755780465,0,0,0
"800",1.69243478358413,2.06634408643492,2.33072940941854,2.49117866044292,2.53364797951769,2.47091912137803,2.36566745909498,2.24732530955337,2.1301018309143,2.02348458737082,1.91890253026297,1.8306394752373,1.76249274761487,1.704930197478,0
"801",1.22633248595251,1.55664945123121,1.86145153127079,2.07944114542383,2.18134559330338,2.17845304059584,2.11888458318382,2.03896893502493,1.95186703005884,1.86496676122041,1.77057843858304,0,0,0,0
"802",1.56099495215894,1.86747809058098,2.11033854739126,2.28257190997736,2.36060996550045,2.33926169812074,2.25866056440637,2.15867840105863,2.05891473783597,1.96446051919064,1.87571130378353,1.79804122252715,1.72424775700271,1.66655724215847,1.61419675718194
"803",1.13737995650662,1.44666142484496,1.68814178813521,1.87640100685443,2.000439765104,2.04367673859565,2.02208380632682,1.96682207005801,1.90229475352974,1.8263980378821,1.75571738754096,1.68945895689327,1.63162701246371,1.57923281953423,0
"804",1.76017160979655,2.20574552468188,2.47837715923711,2.63507912287736,2.64752582560996,2.55630315044934,2.42717562635845,2.28909977618089,2.15939075938775,2.04209905733216,1.94018377643571,1.8493721719662,1.76990987675668,1.70771326832445,1.65153970152585
"805",1.50389136610246,1.80047797991213,2.05701913154716,2.2361928274889,2.3193971126523,2.30490453905199,2.2297753221344,2.13340478954894,2.03954113527712,1.95269198561997,1.87396648345007,1.79826021647558,1.72444276192186,0,0
"806",1.58642437571285,1.85892975220024,2.07144236948621,2.23123376127634,2.31374610092686,2.30875138026482,2.24014676695532,2.14835464519334,2.05165579519401,1.96073243095719,1.87681904471359,1.80223057948935,1.73252342851401,1.67019498418952,0
"807",1.84427083759494,2.31184365715139,2.61135884216707,2.75377415395899,2.73334487872234,2.6202203343256,2.47615016161253,2.33268973698356,2.19636375739951,2.07985336153419,1.97303953568347,1.88863377254398,1.80952189377714,1.7393737808996,0
"808",1.53360771877001,1.71637691899689,1.90488509070781,2.05745966842542,2.15914534930196,2.18435090254109,2.14258892204797,2.07298754538777,1.99340041689914,1.91285175089531,1.83558742959867,1.75180065558872,0,0,0
"809",1.63249684072392,1.85929564700307,2.08653334241152,2.27430610745417,2.35284940035627,2.32726585233222,2.24590011823701,2.14797567569724,2.04761226115937,1.94691016233086,1.85886574780428,1.77770562758821,1.71062039372703,0,0
"810",1.77544437079358,2.28589015693295,2.62745879703992,2.77207986945791,2.73956382698992,2.61246235311152,2.46434905325322,2.31466056548439,2.17776425007312,2.06019361887833,1.95078934270417,1.85304727585855,1.77317561197508,0,0
"811",1.50389136610246,1.73806266283662,1.94928481874102,2.1289288453407,2.22663494837457,2.23106349450049,2.17392469574196,2.09073108319708,2.00518330360338,1.91598471736462,1.83980559760635,1.76939709101132,1.70581462057106,1.64992265967829,1.5990870745912
"812",1.63249684072392,2.00250889728662,2.25845405208086,2.41803541390849,2.47363410626774,2.42826083309126,2.33259431186471,2.22536014902676,2.1148579198199,2.01168903900843,1.92148224573269,1.82733508679418,1.75031773673093,0,0
"813",1.34836886301424,1.71813047505041,2.00502126711607,2.20021382292554,2.28873807276129,2.27018485335093,2.1970052936164,2.10492683312718,2.01156571083849,1.91675073083433,1.83901683907068,1.76017629575958,0,0,0
"814",1.72775759841212,2.0295670152373,2.23098379383392,2.3804029475123,2.44507842043877,2.4109898061843,2.32688759500846,2.22180457548308,2.11273086786661,2.0110849212774,1.92095329651054,1.83244534371535,1.75947876253444,1.69443570336396,0
"815",1.47135243346982,1.67574419855851,1.86944352761762,2.0301577068717,2.1357659886728,2.16266076147984,2.12427647878672,2.05454855615999,1.97392428427914,1.89308114982743,1.8173729471521,1.74415091433313,1.68503883976084,1.63334469187589,1.5840193412763
"816",1.89220058193626,2.42992755338853,2.73361197252824,2.86146748076994,2.8145980673693,2.68267882659603,2.52599437005707,2.36779465275631,2.20972486861804,2.0764712742768,1.96491351591359,1.87112055106946,1.78922899797642,1.72116114328404,0
"817",1.43531353035095,1.73892658898996,1.9661279745745,2.13149358217941,2.22811603532457,2.23531623174783,2.18393925975539,2.10356827724158,2.01761486444501,1.9324302232429,1.85613427367215,1.782458901157,1.71036798556729,1.65025195132473,0
"818",1.47135243346982,1.68731693646378,1.90254665712897,2.08258912043079,2.18545602104314,2.19704392630611,2.14883891557972,2.07286280144606,1.98737595927583,1.90759555238815,1.83096333478875,1.76013474705609,1.6949147238871,0,0
"819",1.34836886301424,1.39390092296477,1.54115213781289,1.71425996374468,1.84543689410162,1.91347088886483,1.91871223224795,1.88735074349415,1.83703106749188,1.77857240216803,1.71634471566938,1.6464859000598,1.58887446760508,0,0
"820",1.80436728744931,2.23246186450022,2.49329491432172,2.64128722232529,2.65424967237493,2.56753929469387,2.43945943750462,2.30377753323946,2.17778911041234,2.06303932186306,1.95616017064455,1.86911105231968,0,0,0
"821",1.6101828400782,1.85884322791948,2.01378258259761,2.1576237267296,2.24967672058396,2.25784923690445,2.20639347451461,2.12683961867543,2.03859909691213,1.95259864725906,1.86968093365723,1.80414265141676,1.73423018614737,1.67173059949822,0
"822",1.34836886301424,1.6514487893097,1.95559668165681,2.1622088315141,2.25180030813434,2.2399108855815,2.17411047792529,2.08570949910507,1.99057220553186,1.89754271669389,1.81390579747146,1.73269167269099,0,0,0
"823",1.71049589656829,2.14930699638582,2.41824144550966,2.57783823495346,2.60054227715121,2.52321934436694,2.40387973852364,2.27110289443961,2.14287987872189,2.03451656010627,1.93827290264392,1.8533289150232,1.77809093201562,1.71115901374946,1.65466363059505
"824",1.88071296623518,2.43973401456611,2.74439394842598,2.87061914781201,2.81873186752126,2.68616799624256,2.52635069455358,2.37177382114318,2.21860525853244,2.09294363059084,1.97506171135331,1.88339291137156,0,0,0
"825",1.56099495215894,1.77166782032612,1.96344701927046,2.12646570980641,2.2221316321401,2.23420940414883,2.18071850457655,2.10168264063769,2.01292241254609,1.92452659479778,1.84311713557543,1.76694497047643,1.70996423407446,0,0
"826",1.74429468047285,2.13905380732833,2.46626404569449,2.6317093653618,2.63585081340138,2.53818799912551,2.40737408626561,2.26804537403484,2.15034361250189,2.02986987780303,1.9244524674575,1.82994233738399,0,0,0
"827",1.53360771877001,1.89065287837245,2.16135747773361,2.34966784293258,2.41463971779944,2.3704736084553,2.27645518196214,2.16983983945219,2.06093977140027,1.96132855187162,1.87148102016088,1.79429771484335,1.72091405798922,0,0
"828",1.47135243346982,1.73483440905742,1.97923043327344,2.15822198284887,2.2549012732605,2.25150989821395,2.18924921938593,2.10314553657475,2.00973194766254,1.92117778960073,1.83905926527784,1.76558497850783,0,0,0
"829",1.29363316546299,1.48461881432032,1.67155311057729,1.8394097390338,1.96645563445009,2.01703030212308,2.00328749743941,1.95463070362418,1.89262110381757,1.82869638821094,1.76403908463355,1.70506329871014,1.64561615836957,1.59186648847327,0
"830",1.50389136610246,1.70634368068297,1.91861439239968,2.09876625781565,2.19794756541318,2.21124743567671,2.15771309095373,2.07664500796612,1.99063926397057,1.90892798995561,1.83041323461536,1.75257360961895,1.68372368072145,0,0
"831",1.29363316546299,1.2571516829678,1.29023616751454,1.3847515619594,1.48878941816679,1.58448116738222,1.64552384921542,1.66599233106201,1.65438150000501,1.62767808470116,1.59208536831858,1.55538907662614,1.51968269572246,1.48663786899697,1.45316821974821
"832",1.86890919007765,2.25254647258771,2.55924699416338,2.70700086563894,2.69910357402785,2.59259541206271,2.45035834285876,2.30932325051261,2.18075298221145,2.06641021659577,1.95618459791944,1.87246685568252,1.80137919975336,1.73836135308219,0
"833",1.47135243346982,1.6084671122353,1.68460471767645,1.82943779036823,1.94640433356404,2.00512460525523,2.00074514175078,1.95782803170341,1.8959193128889,1.83085172917911,1.76649724302774,1.70421631837667,0,0,0
"834",1,1.15938681520897,1.2743808992274,1.41087647629547,1.54113206605011,1.64147641805393,1.69149713401733,1.69660885333108,1.67725992392983,1.64307715542684,1.60102503762251,1.56211540952574,1.51711113305264,1.48089690842907,0
"835",1.39480598953532,1.7269701698354,2.0097942630526,2.20979561761521,2.29552865459175,2.27607738434513,2.20142137131439,2.10631763333703,2.01215159750477,1.92267487577454,1.83764366880061,1.75361200583135,1.68908154959132,1.63481188724987,0
"836",1.22633248595251,1.30847345824022,1.46843163495755,1.61207976231317,1.73313267531558,1.81685313933116,1.84288157976083,1.82799443318901,1.79078513281996,1.74126859701034,1.6904612334845,1.63347604740107,1.58888851299496,1.54412009100401,1.50275612455371
"837",1.71049589656829,2.14413321246901,2.46785980704587,2.63201332679296,2.63583952618521,2.53921828132765,2.40665950314874,2.26903566792397,2.14292764397061,2.03380067854877,0,0,0,0,0
"838",1,1.18724612513456,1.37110730064775,1.55175932425905,1.69768082900775,1.7825334471503,1.80364169512495,1.78654137269237,1.75099339597164,1.70471210963921,1.65755111433829,1.60696087587958,1.55751260020489,1.51217758948229,1.47359324715327
"839",1.29363316546299,1.56764105001052,1.77375953601744,1.95393052453402,2.07208532145042,2.10399279297537,2.07059468374575,2.0060687788402,1.92795892311074,1.84671634006416,1.77361344973043,1.70231209284725,0,0,0
"840",1.34836886301424,1.71356152075176,2.02094063349084,2.22175593137212,2.30301964954029,2.28076313654108,2.20614883074426,2.11400939653163,2.02186019701263,1.9304656559382,1.84833031258057,1.77155775589101,1.70774877132066,1.6478931537235,0
"841",1.29363316546299,1.60980875106128,1.84183884169335,2.02030123407733,2.13047200233299,2.15193295169187,2.11204321024177,2.0441054042728,1.96547212500949,1.88774800672571,1.81267919091393,1.74390371388687,0,0,0
"842",1.47135243346982,1.83035266435078,2.11068480636091,2.31381716767688,2.37881088987156,2.34052872625634,2.25173935416473,2.14726635203893,2.04252577927806,1.94251300417327,1.85649267373345,1.77020893694492,1.7039208657204,0,0
"843",1.22633248595251,1.37352013131702,1.50032600742157,1.62827758757892,1.74439162588514,1.82595686808694,1.85364334790405,1.8375295931377,1.79974825873484,1.75180796060785,1.702536536746,1.64717687491067,0,0,0
"844",1.22633248595251,1.30847345824022,1.42570562464798,1.55850950310793,1.68513563730878,1.7745322466036,1.80697897201419,1.79360046214227,1.75919832444351,1.71111419003023,1.66394337332565,1.61472106769746,1.57102344049946,0,0
"845",1.76017160979655,2.09734043161214,2.34312581403164,2.50505173186146,2.54737170077163,2.48235578502382,2.37156692567187,2.24931448269712,2.13330851681731,2.01966348067639,1.92932903337026,1.84310129952912,1.77169816857279,0,0
"846",1.58642437571285,1.78548919702846,1.96421085827534,2.11317285607684,2.20931329154217,2.22500378406939,2.17926496092869,2.10291496491037,2.01794860182606,1.92889470700692,1.84795563828821,1.77346746267679,1.70235502688701,1.64679929275291,0
"847",1.50389136610246,1.96415523929014,2.27718562123363,2.46037498251008,2.50104095745442,2.43650237569281,2.32847427582953,2.2090636762119,2.09490393077002,1.99376463285897,1.89804655919067,1.8222726542922,1.74581458818303,1.68215073738409,1.63163073659596
"848",1.58642437571285,2.11818812622889,2.4558111512303,2.62959408607009,2.62672998445625,2.52419790608246,2.38906280540236,2.25027215745562,2.11362684870052,1.98796844228393,1.87733608860542,0,0,0,0
"849",1.93533207298826,2.52732543953717,2.84997028987736,2.95525336024634,2.88486238396009,2.73149260785371,2.55774003337855,2.39210170852256,2.24536203030388,2.11587771569082,1.99489151637654,0,0,0,0
"850",2.01075162089132,2.58662809439534,2.90922409532569,3.00905110302187,2.92045799287555,2.75225275281186,2.56888444319621,2.39226435119199,2.23184644818663,2.09969338178243,1.98089971076782,0,0,0,0
"851",1.39480598953532,1.75964093861555,2.03495234549787,2.21510222824308,2.30472532855446,2.286021106955,2.2131649189837,2.12093987687743,2.02407889785211,1.93580733497657,1.853017979123,1.77254274195403,1.7086304400665,1.65246450699282,1.60139652352815
"852",1,1.18724612513456,1.39480598953532,1.56939168409577,1.71142289871383,1.79550475397188,1.81679279064764,1.7986932310993,1.76037446255085,1.71280467403455,1.66577448474264,1.60654174127385,1.55713537635098,0,0
"853",1.47135243346982,1.76113895063989,1.96983799654327,2.15575724566343,2.24801795391529,2.24925685667836,2.18896282587897,2.10487604197696,2.01738874600619,1.92948552722074,1.84747006938021,1.77079665426934,1.70706747931261,1.65105365291793,0
"854",1.13737995650662,1.30627090631422,1.45341650014569,1.62085269236371,1.75183156152639,1.83275233245022,1.85265452258746,1.83276111687777,1.79008365047101,1.74083119529575,1.6876809578646,1.63099599539757,1.57913266780979,0,0
"855",1.63249684072392,2.07717038041069,2.36536513241678,2.53181454175792,2.56005189508882,2.49337498427648,2.37923396861136,2.25652287069814,2.142420287027,2.03789829348422,1.93429701613061,1.84981942721741,0,0,0
"856",1.58642437571285,1.61492990576794,1.6383088109176,1.65863301880942,1.72146902917152,1.78981636044418,1.83154594840787,1.83306879489598,1.80574063471591,1.76660356474958,1.72185904468918,1.67716468995654,1.63164163799634,1.58766000583867,1.54737175206096
"857",1.76017160979655,2.12297079510538,2.34370618967701,2.50197550663347,2.54368909747538,2.48391933786369,2.37606757338445,2.25526760949921,2.14164500719802,2.03102829235247,1.93745536299194,1.84697138831418,0,0,0
"858",1.67348676678581,2.09691886133225,2.3846837402967,2.54695229154704,2.57648699713918,2.50040789638259,2.38191950627084,2.25604841775286,2.134001343321,2.01895339622454,1.91496324538087,1.8327457070398,0,0,0
"859",1.83138968861584,2.20639406483063,2.48397016422818,2.64191289838944,2.64991291634448,2.55844071536643,2.42864990863283,2.29380575834032,2.17196533780897,2.06166136940626,1.95721417849813,1.8643516975787,1.79065845006977,1.72244450897245,1.66489236589881
"860",1.13737995650662,1.59738398486709,1.92351672791613,2.14477292282681,2.23783967191433,2.2144283119741,2.14167901977063,2.04973984113632,1.95506795041105,1.86157663734836,1.78031441513874,1.71346070164422,1.6556829758439,1.60677091548824,1.55984641547332
"861",1.43531353035095,1.71801132544235,1.90469777252869,2.05806989730862,2.16178427396251,2.1833988327532,2.14234666276846,2.07396802652732,1.99736679044645,1.91557612968651,1.83525808009988,1.75998912920363,1.69033801166583,1.63220731781674,1.58298523140764
"862",1.80436728744931,2.24735965267294,2.53402902564206,2.69335189241429,2.68796272802655,2.58083276911069,2.43997973576082,2.30213498293065,2.17834273466324,2.06716383449864,1.96200203915692,1.87426298918016,0,0,0
"863",1.34836886301424,1.54205550742302,1.73773424054327,1.90311579381952,2.01867544138574,2.06280500817808,2.04575420356471,1.99332057519875,1.92744991217197,1.85713550753127,1.79329425038158,1.72923737875393,1.67165579909318,1.61906497847455,1.57103283268562
"864",1.29363316546299,1.39410307383628,1.53707320926777,1.69018112020737,1.81524539136391,1.88927237554834,1.90270417323794,1.873577545328,1.82957124021382,1.77474147035737,1.7218444274874,1.66441253090784,1.61162855113444,1.56683241077623,1.52346905587453
"865",1.67348676678581,2.04540906457713,2.3034083405772,2.47479808031335,2.51706885157782,2.46010294846456,2.35216269990445,2.23256874390784,2.11585284890924,2.01254937840755,1.92223551290217,1.84097425618693,1.76708184839892,1.70907311203548,0
"866",1.56099495215894,1.86454428874433,2.08319326339371,2.2488124144731,2.32734475914308,2.31637378680881,2.249532669248,2.15781228463979,2.06214280731231,1.96887370520171,1.88396125878801,1.79984785362004,1.72585643544928,1.66419554550348,1.61529782224397
"867",1.43531353035095,1.59112897721713,1.71462579326038,1.83707564026403,1.94568449347766,2.00610425433309,2.00542985135691,1.96302629825114,1.9041955933978,1.84042847463822,1.77920661542914,1.71247649344957,1.65479986698937,0,0
"868",1.79016191070981,2.3285688660734,2.62705740082829,2.76414164392049,2.74418831710224,2.63241923886871,2.48377809514231,2.3404915441549,2.20104725457134,2.08305931829748,1.96650973220614,0,0,0,0
"869",1,1.2751107767961,1.51922014312976,1.72436783504548,1.86756973841935,1.92366078785817,1.91896934241029,1.87670075880875,1.81889542885877,1.75859959631749,1.70346467958374,1.63507725305643,1.57864886862234,0,0
"870",1.39480598953532,1.48211975711112,1.54721698878426,1.64711955101956,1.75733009366335,1.8392354528958,1.8648927070944,1.84835766804279,1.80787481014449,1.75914243303557,1.70796640532465,1.65314525862836,1.60149542794237,1.55555199827414,0
"871",1.58642437571285,1.89907566778906,2.12050671329742,2.28291080468918,2.36022829706191,2.34219726793605,2.26786016046821,2.17312624029333,2.07812231773364,1.98661884426316,1.90188492788497,1.82853859154873,1.76061447058025,0,0
"872",1.80436728744931,2.37777583209954,2.70866523322754,2.8371807420276,2.79206396028489,2.65902934513677,2.50330944301906,2.354922268968,2.22207953177975,2.10197947606401,2.00039163194755,1.90996201522639,0,0,0
"873",1.77544437079358,2.37162812903514,2.74111404472031,2.8667753811019,2.80311165022697,2.65300116075105,2.49033848995356,2.33902977458484,2.19911462938672,2.06972068926028,1.95905713580946,0,0,0,0
"874",1.34836886301424,1.48763149736391,1.71900303868839,1.90805155391227,2.03442694527626,2.06889453139468,2.03688853172962,1.97667293726473,1.90372312283371,1.8330038676388,1.76032449519812,1.69569367876307,0,0,0
"875",1.76017160979655,2.30911584023526,2.64383620705983,2.79262130172006,2.75208790941498,2.62317294396077,2.46470675550792,2.31109163358474,2.16856341537349,2.04549935831736,1.93398158491265,1.84391436751605,1.76970222241939,1.70362308565745,0
"876",1.58642437571285,1.85892975220024,2.10501432528193,2.28503663129758,2.36512316982525,2.33475068474891,2.25026329290273,2.15022265514612,2.04505649413643,1.94090253220688,1.85636005029823,1.77009220475068,1.70381653027345,0,0
"877",1.34836886301424,1.60689355136424,1.78519190623665,1.95325514950831,2.0692789822729,2.10479148608272,2.07599098522852,2.01493774326848,1.94111994384006,1.86201559291656,1.78442778276071,1.70668315216045,0,0,0
"878",1.74429468047285,2.35438020940659,2.70657483427105,2.83729168745131,2.78404671538559,2.64686611369744,2.48725298045317,2.32944248475157,2.19027716562737,2.04829607193664,1.92949357963096,1.83436670041679,0,0,0
"879",1.22633248595251,1.54691692764199,1.81513391880953,2.01251818559322,2.12671663627813,2.14321574003588,2.09768728053684,2.02350874304829,1.94496555133867,1.86945797702854,1.79471466374874,1.72625011383334,1.66022802362365,0,0
"880",1.47135243346982,1.71754317102881,1.96845102930848,2.14919740041783,2.24614445311487,2.24605480046264,2.18281959366831,2.101601957007,2.01039760127485,1.92288108052059,1.84357999990165,1.7642074806726,0,0,0
"881",1.76017160979655,2.11735542067886,2.40803505571376,2.5753990791549,2.59518448539018,2.51463993063252,2.39488631339201,2.26877181670942,2.14152410577904,2.03000025479095,1.92964409900217,1.84337912950651,1.76458340260155,1.69902346671843,0
"882",1.34836886301424,1.70399570809129,1.96064314844523,2.15812567247969,2.25255847014981,2.24337664830378,2.17502267096849,2.08906221718049,1.99791568803732,1.90900064342943,1.82837117604391,1.74544258942826,0,0,0
"883",1.83138968861584,2.1513591798217,2.40411302398924,2.57106969622661,2.59678579822564,2.51449106286064,2.3938419408275,2.2647843692057,2.14041050530115,2.02446503746068,1.91975480806659,1.83697838353217,0,0,0
"884",1.56099495215894,1.86454428874433,2.09123618595634,2.26014514867181,2.34397751544858,2.32384986871751,2.24738812797333,2.15307102301465,2.05381549902308,1.95944999596276,1.87477174577234,1.78629165359346,1.71378276605835,0,0
"885",1.47135243346982,1.91788968941037,2.23125389325976,2.42044631770541,2.46544850640339,2.40771799072207,2.30571815626561,2.18963850129116,2.07476143428846,1.97238516879406,1.88394353349532,1.80304285912117,1.72870108179721,0,0
"886",1.77544437079358,2.1595996539149,2.44246789327331,2.60897403999324,2.62131901062608,2.53423493828346,2.40823018284793,2.28095146848328,2.15794303336815,2.0507572766814,1.95245127123879,1.86583956431422,1.78453937020858,1.71695030336807,0
"887",1.53360771877001,1.56157787723745,1.64979368778069,1.75391305149751,1.85598570833904,1.92270883755757,1.94050544678371,1.91525889419027,1.87000907648682,1.81487801892036,1.75548433324809,1.70072900100571,1.63742410866961,1.58446907933397,0
"888",1.22633248595251,1.55664945123121,1.81473587621958,2.01039723034659,2.12276843973627,2.13932407693159,2.0995312566738,2.03052906558165,1.95314286203158,1.87403284430921,1.80141166107411,1.73000624114271,1.6737609156772,1.61726254091093,1.57440423098318
"889",1.39480598953532,1.67802818086468,1.96355733239178,2.16900656555815,2.25956277878204,2.24627360796291,2.17968034226552,2.08831012274426,1.9932006933925,1.90942019770099,1.82985102000709,1.75520215384074,1.69050373400272,1.63828824914627,1.59171183707462
"890",1.13737995650662,1.279453493184,1.42606471735531,1.58465166122538,1.72118373912683,1.80550198229352,1.82879754187504,1.81085232571744,1.77273878772311,1.72493747159794,1.67690222662,1.62296932220154,1.58019591856842,1.53829205677964,0
"891",1.76017160979655,2.1076119127244,2.3318668684541,2.48040533267056,2.52752928221734,2.47579612712898,2.37250050494424,2.25724469787497,2.14146015454004,2.03811106661729,1.94259174773846,1.84585823805069,0,0,0
"892",1.29363316546299,1.33117330983891,1.44421591257623,1.53067956802092,1.63646907821893,1.72545435691677,1.77010444097248,1.77143583043775,1.74619391406595,1.70781768342184,1.664030606956,1.61275852672984,1.56684063015252,1.52062865389927,0
"893",1.50389136610246,1.47176391718361,1.58397918479284,1.64122031491208,1.73355571442689,1.80912987608784,1.84644693797246,1.84011426438954,1.80738078708744,1.7623421505835,1.71532823873942,1.66302231583723,1.61349937074896,1.56643155725128,0
"894",1.6101828400782,1.85078371058614,2.08679769634721,2.26401081378092,2.34382326026465,2.32416297321856,2.24668092105343,2.15269966355088,2.05133700233166,1.96045546091163,1.8722055622976,0,0,0,0
"895",1.6101828400782,2.04232227497316,2.36513339405862,2.54032601555309,2.56161625807049,2.48250915324236,2.36556025085021,2.24227002859621,2.11321654485261,1.99113118564449,1.88680847122179,1.8055737059416,0,0,0
"896",1.43531353035095,1.61525457567527,1.77678096074975,1.92759812582264,2.0432400632085,2.08473463454629,2.06154783108813,2.00611722027515,1.93769450046739,1.86872375845738,1.79940150041125,1.73467275775598,1.66774861901291,1.61183983130661,1.56445928810503
"897",1.22633248595251,1.34532210851321,1.51631938360076,1.70529307640409,1.84645315625893,1.91203931026411,1.90975475898912,1.87307258414886,1.81815947190031,1.7586726339271,1.69949592181511,1.63653916342504,1.58655187499843,1.53847576092361,1.49760572663604
"898",1.39480598953532,1.50967067235614,1.6555553617668,1.80001146219429,1.92075523206215,1.9821026479016,1.97952146466395,1.94058661978126,1.88524963641718,1.82122544861223,1.75798145077621,1.68845793011505,1.62645083953714,1.57455636407386,1.53050877308935
"899",1.29363316546299,1.39410307383628,1.52777982416134,1.67535640583444,1.79865700207244,1.87594052438478,1.89014141453702,1.86590820098722,1.81947006861731,1.76880117548591,1.71381640778316,1.66288990607128,1.61201616698478,1.56150998930342,1.5234658466125
"900",1.29363316546299,1.52642799213212,1.72799473276153,1.90213418870268,2.02021259842154,2.06248343007421,2.0415651659429,1.9888786267412,1.92370545321311,1.85548474972119,1.7857985799682,1.71616081234552,0,0,0
"901",1.29363316546299,1.67982637303707,1.98298633204391,2.18809997515041,2.27389722238471,2.2582016642229,2.18544099015409,2.09272101590438,1.99775036732889,1.90952700118337,1.82612117518835,1.74877984886362,1.6847592363445,1.62717897079481,0
"902",1.58642437571285,1.86238108538984,2.05538170802288,2.20425855045345,2.28886887827499,2.29168031136073,2.23082517390817,2.14557110221037,2.05204059098434,1.96195917357047,1.87481289938296,1.80273045298929,1.73296963912193,0,0
"903",1.85676918569976,2.46231576090504,2.79821133816508,2.91897944792111,2.84540835749259,2.69218342029936,2.51850481524178,2.35051560661389,2.20569844824877,2.06654024965447,1.9522097548363,1.86326885274529,1.78969267615774,1.7215774422101,0
"904",1.13737995650662,1.30627090631422,1.52113306241632,1.69873442834774,1.8370902194631,1.90572704848806,1.90757533596253,1.87139529147829,1.81992886341908,1.76122699886752,1.69409016365232,1.63831879985961,1.5815547919421,1.53746711840227,0
"905",1.47135243346982,1.71754317102881,1.95180631034562,2.13246756282428,2.23151956956892,2.23304683721328,2.17506803118688,2.08858663252549,2.00207419517368,1.91616523488703,1.82811175737854,1.75366211968957,1.68912637144579,1.6348523768402,0
"906",1.6101828400782,2.08637924594317,2.42204846253203,2.59757357503393,2.6043744016169,2.5109751243995,2.38209154257354,2.24406366301428,2.11716086015019,1.99948055732769,1.90084462188528,1.80921086089245,1.73875355715378,0,0
"907",1.29363316546299,1.59586986944058,1.829141966747,2.01266397707715,2.12143971562912,2.14562515957691,2.10633623346974,2.04095719024321,1.96626691152513,1.8839319952575,1.80367128987042,1.73847197589706,1.6813650530094,1.62784016058801,0
"908",1.6101828400782,1.93389902181861,2.21155875123927,2.39640519344883,2.45168684806648,2.40078438004889,2.30592375365866,2.1959893060207,2.08462673427079,1.98487080421794,1.89602431701142,1.81048321918751,1.74446584473633,1.68093778402055,0
"909",1.43531353035095,1.69381426966244,1.95649165591899,2.15174156490491,2.24534361559389,2.23981557756955,2.17794680023204,2.08941117091663,2.00042038670661,1.91472623213113,1.82895741793987,1.74595918489802,1.67782220587089,0,0
"910",1.71049589656829,2.05137108100831,2.29715785778337,2.45697832570961,2.50615246664705,2.45376632574797,2.35046068596859,2.2391223304872,2.1281314387685,2.02380115837859,1.9191777203349,0,0,0,0
"911",1.58642437571285,1.94888316478913,2.19374115600432,2.36646545848506,2.43045074201623,2.39190401905445,2.30206703594673,2.1927242473874,2.08458666027706,1.99065620781772,1.8931532545235,1.81346929825362,1.74255350771685,0,0
"912",1.29363316546299,1.2571516829678,1.4003275536336,1.54290650208044,1.67166811856591,1.76130155719345,1.79549165416845,1.78415541341242,1.75030516673686,1.70207291798588,1.64997177337774,1.59732750325158,1.55291501409833,1.51349073631239,0
"913",1.74429468047285,2.2556079547456,2.57029920671803,2.71555829092905,2.70474671777416,2.59458780555715,2.45301821776375,2.3135489419736,2.18237565818542,2.07185468347247,1.95681130920047,1.8673225578888,1.79330791246351,0,0
"914",1.39480598953532,1.75735512997211,2.04464304396454,2.24401025005415,2.32075441799428,2.29703528442282,2.22120556384801,2.12412599490248,2.02508345991395,1.92742690330763,1.8400751257882,1.75575368593095,0,0,0
"915",1.50389136610246,1.88655755113312,2.17384024589685,2.36676448477828,2.42439943449238,2.38009964267021,2.28675713413727,2.17673254360718,2.06728933335512,1.97228638916787,1.88255979286087,1.80410028454823,1.72964247232664,1.66760268230657,0
"916",1.34836886301424,1.74303498804633,2.07743128941559,2.28580901221959,2.3519137215361,2.31276787967776,2.22294759373971,2.12392582140134,2.02527421583747,1.93203121616679,1.84198246921896,1.76594084856458,1.69564525429416,0,0
"917",1.96511686213595,2.69701703832583,3.03260375750378,3.10505146961564,2.97903639831477,2.79260436081614,2.59822876005083,2.42292358505516,2.26488535397463,2.12793137131932,1.99814875069589,1.90611463903355,1.82028073486506,0,0
"918",1.34836886301424,1.39390092296477,1.50458151608536,1.63197128412037,1.7517043672636,1.83372883456868,1.85833513956961,1.84053716462141,1.79814038402129,1.75009072510654,1.69898496516182,1.64960172702271,1.60497653165407,1.56437154679677,0
"919",2.00198390899458,2.48923273807132,2.82729869011992,2.93564558099782,2.86920329222579,2.71459462337905,2.54439426694172,2.37907092060156,2.22474758369838,2.07758061815538,1.97704888358598,1.88178519144423,1.79869654471474,0,0
"920",1.34836886301424,1.33635111482064,1.39490708063806,1.4806826698407,1.5544212972141,1.62917728141929,1.6874661956833,1.70926237191377,1.70080154624395,1.67529051498306,1.64009638426775,1.60012131691688,1.56192706885583,1.52662252193817,1.49153325138107
"921",1.89220058193626,2.2696545890352,2.45276352429647,2.61337958452998,2.63267384031153,2.54942901625592,2.42430673240053,2.28992960987103,2.16558609784263,2.05165832392498,1.94850749722623,1.85104640160294,0,0,0
"922",1.50389136610246,1.78700921411136,2.02511336218494,2.21243238917182,2.29896301705289,2.28619779029801,2.21501939511771,2.12304573457458,2.02744098636628,1.93822376611823,1.85513819843702,1.77441478856778,1.70319939797145,0,0
"923",1.29363316546299,1.71643777656031,1.99851647191269,2.1861047743563,2.27334029512676,2.26432051121347,2.20005297490519,2.11213525270356,2.01946389175947,1.92453673883502,1.82235236845766,1.74013808758977,1.67262722685017,1.61994310337804,0
"924",1.65354853976121,1.91802737928867,2.23017388409188,2.41243633382154,2.4631731228751,2.41020322218324,2.30831568377186,2.19883036785753,2.08868799596162,1.98838587275069,1.89335220935731,1.80812781199054,1.73322768473635,0,0
"925",1,1.20931567600021,1.41737551568588,1.59906871866875,1.74290438450317,1.82153943213613,1.83797553703475,1.81400510397616,1.77331432321661,1.72381441485377,1.67255231392259,1.62470383683648,1.57894885661955,1.54214480779524,1.50095383132897
"926",1.34836886301424,1.67999605303268,1.98266077726176,2.19394633578246,2.27880204345223,2.25750763678921,2.18349722468576,2.09524960458696,2.00438618805624,1.91314964591595,1.83075191037566,1.7613581453989,1.69155889850775,0,0
"927",1.63249684072392,2.02759369186703,2.28261752364127,2.4454745763872,2.49507997293165,2.44475545528101,2.34538466747468,2.23082919007961,2.11641273808393,2.00736231763777,1.91322737426611,0,0,0,0
"928",1.29363316546299,1.49254846430991,1.69688032810169,1.89123788694102,2.01830035510386,2.05432810177601,2.02879590321851,1.97101745702034,1.90264894050099,1.83166893893589,1.76607931193124,1.70247919730194,1.64901697972264,0,0
"929",1.74429468047285,2.08885986547897,2.35250244413481,2.51468666007245,2.55298405017766,2.48604005250288,2.37572777839047,2.254108363193,2.13507358042617,2.02848937741036,1.92610906261412,0,0,0,0
"930",1.99304452927106,2.47091334841023,2.777434867133,2.89884781256208,2.84178330662745,2.69982068571846,2.53143134580392,2.37298374069334,2.23276992230131,2.10048317871385,1.9886810663698,1.89537795950467,1.81075798893516,0,0
"931",1.71049589656829,1.98795212874617,2.19948588949099,2.34344634877009,2.41421045187519,2.38909004064151,2.30330190581348,2.20062111503653,2.09544992895672,2.00167192255509,1.91435887381862,1.83221177134517,1.763898344719,1.70619920837907,1.65543594621007
"932",1.39480598953532,1.61710834789986,1.82500231580454,2.00551337706539,2.11767317713822,2.1426410330217,2.10097494625971,2.03272612151684,1.95562199155192,1.87914548728983,1.80323800177349,1.73162520615132,1.66502775596607,0,0
"933",1.56099495215894,1.53683447658556,1.51080013773249,1.57186561380692,1.66829141652591,1.753245390725,1.79706286693455,1.79504786142364,1.76578654065752,1.72459329256431,1.67801718901528,1.63022679817715,1.57844111386627,1.53815787215601,0
"934",1.13737995650662,1.29363316546299,1.53164542071344,1.74253055123355,1.88297754205302,1.93825863298185,1.92782285738601,1.88246973560979,1.82502632634201,1.76238094516253,1.7011797444349,1.64095784198639,0,0,0
"935",1.79016191070981,2.289572140846,2.59304155117136,2.73801146386729,2.72561069003743,2.6090959285335,2.4618503434216,2.31731173568721,2.18608542670164,2.0673486890686,1.96400924419933,1.8760328683804,1.79830850611596,1.73327362621271,0
"936",2.03609427614293,2.57373744516753,2.89549278402445,2.99742380790881,2.91681667804575,2.74956763487979,2.56870589110854,2.39321394410906,2.24562052932581,2.11320219954914,2.00390396786948,1.89957132388237,1.81447769148192,0,0
"937",1.39480598953532,1.76630691943825,2.06936471064369,2.26892919645198,2.34407177090765,2.31251170940716,2.23142996086671,2.13248892919638,2.03150288663841,1.93584455421814,1.84257828003711,0,0,0,0
"938",1.22633248595251,1.48411904643749,1.79568824894513,2.0195702105217,2.12781653613272,2.13554130198475,2.08450245608191,2.01007124148751,1.9269523928825,1.84852059823081,1.77628077781973,1.70771601443168,1.64366963904718,0,0
"939",2.0601249304085,2.70550870525831,3.01203567868991,3.09438266175131,2.98249756975169,2.79476506431949,2.60826389786103,2.43689782046438,2.28247792197291,2.14092515185284,2.00933042650634,1.91013000324799,1.8286388110346,0,0
"940",1.74429468047285,2.28486969566144,2.60197152529261,2.74924363191721,2.72677113135375,2.60793422794762,2.46380472471317,2.32031985873656,2.18180167977078,2.05853491521055,1.95923793911413,1.86613107984289,0,0,0
"941",1.29363316546299,1.45752508595063,1.60298758141936,1.75123168158864,1.87954010314132,1.94537651651043,1.94544212996329,1.9094393965445,1.85734824944042,1.7983698133157,1.73964270245052,1.6832848106209,1.62859021532538,1.58221788947887,1.54239870196692
"942",1.50389136610246,1.85723964317506,2.13925942835132,2.32189253786714,2.38966316976152,2.35527264219969,2.26978367632492,2.16739705019236,2.06521632891489,1.96413424521295,1.87980370377407,1.8016620947614,1.73467968021126,1.67821112593012,1.62477670471312
"943",1,1.15938681520897,1.34690554413325,1.53187033423684,1.67966908249374,1.76689039538385,1.79008048828532,1.77247084594235,1.73436116052877,1.68868705406719,1.63928279298365,1.58576664840508,1.5343925243107,1.4912165294283,1.46029791038394
"944",1.29363316546299,1.55357495630515,1.73725607558231,1.90902959689931,2.02852534870922,2.07109545369032,2.04741568412304,1.99138438651583,1.9190284571214,1.84715219513623,1.783279101534,1.71777845987872,1.65266102264891,0,0
"945",1.50389136610246,1.61146021636482,1.69340870002745,1.82877130936743,1.93612833113054,1.99537480327661,1.99735306276803,1.961444704895,1.90419765567167,1.83380086457184,1.76513701644232,1.6999724552333,1.64537013407704,1.59164436470644,0
"946",1.74429468047285,2.31445557632458,2.65233158220439,2.79089263891579,2.75451197591992,2.62927500885489,2.4719158905186,2.32486113076117,2.19485994767565,2.0748908919104,1.95943979826875,1.86630855582451,0,0,0
"947",1.77544437079358,2.21481484567373,2.51342253112068,2.66347055929302,2.66769626528058,2.5742732898806,2.44107547974034,2.30468903079163,2.16778344617996,2.04798792426076,1.9361382940251,1.84581238085647,0,0,0
"948",1.47135243346982,1.94742319281249,2.26864633683006,2.45479222002856,2.4925572254603,2.42830174445562,2.32020467609207,2.20539557234827,2.09429986907132,1.98477787348939,1.89198137251038,1.81243306730468,0,0,0
"949",1.67348676678581,1.98425973369639,2.23979792753167,2.4225436717418,2.47521458050383,2.42294308212027,2.31966346722758,2.20512818083731,2.09407133806874,1.99550116477124,1.89956190385897,0,0,0,0
"950",1.6101828400782,1.92875628302362,2.14705757915375,2.31728264493513,2.39044984693289,2.36353284453877,2.28044390779288,2.17896028517492,2.074500786436,1.97738260544302,1.87878819827355,0,0,0,0
"951",1.63249684072392,1.91165630790837,2.1023758280618,2.26830955165626,2.34918757598192,2.33346078349351,2.25974031710833,2.16299447660037,2.06397660382938,1.96941300524199,1.88248452311217,1.80403370038845,1.72958319583671,1.66754934194005,0
"952",1.39480598953532,1.61710834789986,1.81609668198535,1.98443542539301,2.09756729922811,2.12824348184882,2.09380924802257,2.03111589918497,1.95802565585663,1.88389841940801,1.81533590486032,0,0,0,0
"953",2.0903675814466,2.70393298819793,3.03729614887914,3.1100796583861,2.98969450857728,2.80287951282522,2.60910620586424,2.42553010859385,2.2670780948631,2.13155086280213,0,0,0,0,0
"954",1.43531353035095,1.71801132544235,1.93838699660006,2.12611652728639,2.22134674885988,2.22379596185887,2.17135848184268,2.09131684554559,2.00486112466661,1.92210905945448,1.83987642392597,1.76407697964562,1.69398335039919,0,0
"955",1.6101828400782,1.85884322791948,2.10588989152603,2.28411613630065,2.35894298832404,2.33643870098887,2.26166622200334,2.16534221459572,2.06003645385749,1.97013852202925,1.88507064192669,1.79534774824331,0,0,0
"956",1.6101828400782,1.89097555208878,2.15447427652368,2.32506283847087,2.39444473054159,2.36365204193015,2.28151328920877,2.18245720953698,2.08241736093224,1.98483582448129,1.88807861147628,0,0,0,0
"957",1.34836886301424,1.72899543768903,2.00733772181702,2.20462352875028,2.29106285384506,2.27357748703082,2.20410397300421,2.11295226627773,2.01962123420095,1.92554892521828,1.83631652759578,1.76315423020408,1.69761447214839,1.6387641865273,0
"958",1.29363316546299,1.63138020080013,1.89690584837045,2.10591124434484,2.20577334705855,2.2026650888409,2.14351933512388,2.05887326805864,1.9671059755983,1.88221945101471,1.80216827989086,1.72759518687026,1.66579967730122,0,0
"959",1.34836886301424,1.52620665358499,1.6725352246746,1.81541275073715,1.93375012354376,1.99454834326786,1.98998151949217,1.94781145308871,1.88803731102006,1.82663333767052,1.76162812543982,1.69851799128216,1.6397494699713,0,0
"960",1.39480598953532,1.44734109345743,1.50906754459883,1.59221769479458,1.69120199640939,1.77641223753513,1.81513085082934,1.80947579340929,1.77755485598883,1.73201383034519,1.6802880495474,1.63226317142978,1.58442885543136,1.53655423372847,1.49585208194984
"961",1.97461952511116,2.40947916359604,2.65897986162504,2.80078488089006,2.7750853324113,2.65477991739887,2.50575269839924,2.35619782102208,2.22101595978104,2.08611467599638,1.96915361034996,1.8691437549176,0,0,0
"962",1.34836886301424,1.50828591019483,1.73028921512471,1.91029437203403,2.0330232695399,2.07135204283602,2.04478037959017,1.98785220332659,1.91910422368882,1.84431832043395,1.77725615821193,1.71379523975956,1.64910223356379,1.59501366410074,1.55408989309916
"963",1.29363316546299,1.507129445382,1.65113998037892,1.79239180630116,1.91157973309134,1.97481471222582,1.97483547917118,1.93634376973673,1.87926400490799,1.81429330833999,1.75458061549706,1.69662255384085,1.64056945666998,0,0
"964",1.63249684072392,2.08096992475909,2.37632244755319,2.54596133473518,2.57134778106785,2.49494296313793,2.37641223096125,2.25077587860001,2.12682626500429,2.01824849224597,1.91719350346278,1.8235698961574,1.74696859930326,1.68318851427458,0
"965",1.50389136610246,1.6737563087057,1.80663002860139,1.9493377963833,2.05746125035493,2.10019531983965,2.07929175066776,2.02162699188003,1.95181641350388,1.88011760568116,1.80885353241376,1.74190147001398,1.68118670363248,1.62395833817632,0
"966",1.50389136610246,1.8940783340581,2.19976307942352,2.3874832939059,2.44214727901097,2.3902449946451,2.28965685239395,2.17394871130487,2.06349324396967,1.96514792018251,1.86812951507106,1.78044893364646,0,0,0
"967",1.81809859074631,2.36390091432764,2.70046072707299,2.8333808138336,2.78744274919758,2.65297901387415,2.49345968494457,2.33588144840979,2.19966241681249,2.05627349101199,1.9433173862725,1.84649469465439,0,0,0
"968",1.6101828400782,1.8239516292453,2.0502975268597,2.2282631821051,2.31409181541586,2.30072545404153,2.23035970346416,2.1394658522091,2.04094154198436,1.9448429882885,1.85317613334518,1.77268238983237,1.70165525087381,1.64240455052651,0
"969",1.53360771877001,1.88392768253949,2.12499827860824,2.31211205969334,2.38105511802522,2.3502939367261,2.26876779692194,2.1678267536276,2.0613780621227,1.9608154167741,1.87103218903105,1.78844315273633,1.71569940903578,0,0
"970",1.43531353035095,1.77648088601174,2.05437802611842,2.2468703566021,2.32523678516972,2.3029647730532,2.22857635593839,2.13715869006438,2.0392666359676,1.94682738180302,1.8521585689277,1.77494448189559,1.71078010966019,1.65062307784449,1.5997234764554
"971",1.43531353035095,1.45319517818197,1.6110836768006,1.75533321977791,1.87985683456112,1.94709567717596,1.94998807948834,1.9120853814861,1.85695722320413,1.79661506576057,1.73808664795296,1.67755507186536,1.62094908834621,1.57318075999933,1.52925518689086
"972",1.43531353035095,1.83244640952816,2.13456609271087,2.31760678301772,2.38613571015732,2.35157813655989,2.26368834949344,2.16052473784076,2.05771074895608,1.96014100599243,1.87193028570375,1.79645650644767,0,0,0
"973",1.50389136610246,1.78345837766167,2.05832110794927,2.25062860396722,2.32999762211888,2.30767343603514,2.22965656787946,2.1357711656901,2.04181591215086,1.94842606029161,1.85630556744196,1.7826107418071,1.71050327755698,1.65037378529905,1.59949697050075
"974",1.22633248595251,1.34532210851321,1.54623037536548,1.72385587803821,1.85615177993236,1.92255388924524,1.92521479018233,1.88940683936023,1.83862975749693,1.77859486643724,1.72022333874279,0,0,0,0
"975",1.22633248595251,1.52512962354759,1.77791780184302,1.98391863135947,2.09897834397538,2.11946867663234,2.078115864824,2.00819201564646,1.93125500432397,1.85394035516788,1.77566176178704,1.69894251842938,0,0,0
"976",1.58642437571285,2.09930661732786,2.43637376611838,2.60868305621934,2.61159157885066,2.5177010321511,2.38767370355613,2.25371653403191,2.12810993377513,2.01242994655519,1.9161300392907,0,0,0,0
"977",1.58642437571285,1.96652838564279,2.22381640036803,2.40262408492971,2.45817187573949,2.41015093809137,2.31266006668603,2.19882879105532,2.08370292512907,1.97808143297461,1.88893037432297,1.79874073264463,1.72487063545748,1.66711913748788,1.61470697821595
"978",1.76017160979655,2.08195003532553,2.30629264115054,2.47449853367797,2.51765664991008,2.46162374832496,2.36110434616372,2.24489168267063,2.13217725010151,2.01738446889446,1.92447510110566,1.8444316455662,1.76551894336923,1.703758752025,0
"979",1.29363316546299,1.54334478418531,1.72522750230591,1.90217110496758,2.02536418524864,2.06633777675983,2.0412553730599,1.9833152453187,1.91202867934927,1.83356569144935,1.76492951185852,1.69978798299634,1.64088791471831,0,0
"980",1.74429468047285,2.07167517093013,2.35340794621337,2.51709561282381,2.55499238442423,2.48622605965232,2.37181197042472,2.24711607631851,2.1173265218436,2.00913727374699,1.91477806031814,1.82700709023863,1.7500260033774,1.68593774985633,0
"981",1.39480598953532,1.71232437660994,2.02432111179642,2.22991164692248,2.30915368744907,2.28217124002659,2.2053220261402,2.11399017219843,2.01563552772007,1.92209401917166,1.84098148748209,1.76191199853954,1.69205280474956,1.63375269886421,0
"982",1.56099495215894,1.84577107551701,2.07850379565054,2.25108157456774,2.3310367006115,2.31722002194566,2.24477306127146,2.15152822934467,2.053055795865,1.96326446638814,1.88066065521072,1.80242023113214,1.73269272153515,1.67034730613444,0
"983",1.29363316546299,1.62553526948945,1.8958745228275,2.09555313398135,2.19666992598157,2.19866627597417,2.14345323066033,2.06421858554809,1.97844397870616,1.89062601264717,1.81333414544784,1.74448534089556,1.68350226070197,1.62604586119468,0
"984",1.39480598953532,1.52159389601878,1.62780852477545,1.73847816843477,1.84553528549919,1.91667446880849,1.93257712001791,1.90561752412557,1.85984484179807,1.80631125730141,1.74894932261593,1.69159552257166,1.63605524111928,1.58686010850179,0
"985",1.53360771877001,1.94486243893736,2.19691892594263,2.36828552649225,2.42992185956718,2.39186622109884,2.30304161430373,2.1966288486796,2.09174829285686,1.98502344655115,1.89219595529251,1.81262281477383,1.74447697518088,1.68705593901162,0
"986",1.39480598953532,1.75735512997211,2.04053855682166,2.23709524455408,2.31591593494115,2.29353824336405,2.21854406726546,2.12326004692033,2.03056912630828,1.94193603405479,1.855987199013,1.78375748283998,1.71866638014257,1.6615217073619,1.60962383130144
"987",1.72775759841212,2.18674595764764,2.49612159987632,2.65745218452997,2.66040989826735,2.55814064490279,2.42508300726303,2.28077513166447,2.14584873067195,2.02767377688988,1.91167874254196,0,0,0,0
"988",1.58642437571285,1.96652838564279,2.21931840651773,2.40209021388428,2.45802603169416,2.40827994664444,2.31242925593621,2.20263120229906,2.09660597526362,1.99453715648041,1.90448679858257,1.82118397763329,1.75403792547995,0,0
"989",1.69243478358413,1.96143418349524,2.19417859279755,2.36673193960679,2.43185718084686,2.3928478670378,2.30194130406131,2.19278330439488,2.08568183926553,1.99073339588418,1.89869399271554,1.80732128256377,0,0,0
"990",1.67348676678581,2.04540906457713,2.29292287248257,2.45986235397221,2.50824044759271,2.45367553082387,2.34646224837693,2.23189707737113,2.11980527123502,2.01028731305012,1.91425986185685,1.83663659515899,1.76785357483192,1.70976973503209,0
"991",1,1.36916451869255,1.67396999492728,1.89380432641627,2.02122135854267,2.04694077965439,2.01114141136368,1.94693636343643,1.87458786610396,1.80156649788018,1.73125235814202,1.67280535211158,1.61668702550983,1.56931972289969,0
"992",1.34836886301424,1.66797372696592,1.94347579250683,2.13882446826589,2.23491527019563,2.23093498170629,2.1675188148526,2.08339889651526,1.98973941900236,1.90256466326542,1.82146476056033,1.73935570613823,0,0,0
"993",1.13737995650662,1.49982123575483,1.77452639425912,1.9836111755487,2.09771578934708,2.11831327354313,2.07351867094138,2.00649327301401,1.92931464443965,1.85275248511693,1.78638432615564,1.72499042018742,1.66346735625689,1.61166165803678,0
"994",1.85676918569976,2.27808841499541,2.599727933278,2.7447438498426,2.7278697512495,2.61106057255708,2.46496732482108,2.32075414997933,2.18900793714881,2.06302306513825,1.942206529754,1.85115186400356,1.77149138728394,0,0
"995",1.58642437571285,1.95694447740622,2.20378934153935,2.37557687100658,2.43698266733829,2.39853383735607,2.3064121981888,2.20126596907233,2.09707706811267,1.99630728089703,1.90356659203854,1.82446372702574,1.75697093329246,1.69218148259344,0
"996",1.69243478358413,1.92563875609662,2.1107598032378,2.26957779652324,2.34783141474861,2.33488760215679,2.26206079066204,2.1629444436699,2.06740969910163,1.9757388097574,1.88687965083782,1.80792131905011,0,0,0
"997",1.22633248595251,1.37352013131702,1.49444745625093,1.60670595947558,1.7266553977482,1.81151469064382,1.8402295872575,1.82458881796138,1.78726893645319,1.73953954406571,1.68447764241087,1.63712851354732,1.59015809133413,1.54527161333669,1.50683448070365
"998",1.22633248595251,1.46709676061869,1.71345423275807,1.9107883255507,2.0333179220786,2.06811978794655,2.03775603560877,1.97946208769283,1.90767941191666,1.83433416239404,1.76902368083783,1.70127471936129,1.6379119796264,0,0
"999",1.86890919007765,2.3835304654952,2.6944540927431,2.82871168299497,2.79094415247157,2.65536351668368,2.49687355696496,2.3435150325374,2.20553501622377,2.08603627835232,1.96908577492521,1.86908431774722,1.78742089191672,1.71953772318946,1.66560494142972
"1000",1.13737995650662,1.1930312436238,1.28590137730411,1.38303206250291,1.48637683839768,1.58247387008158,1.64413420756512,1.66331940070083,1.65358283625475,1.62688152259287,1.5945495036659,1.55968208803597,1.52523929005149,1.48291224679236,1.45267273435237
